$SPEC_ID:
No sample description was entered.
$SPEC_REM:
DET# 1
DETDESC# SPACESCIENCE4 digiBASE-RH SN 15121435
AP# Maestro Version 7.01
$DATE_MEA:
09/30/2024 16:33:25
$MEAS_TIM:
199 200
$DATA:
0 1023
       0
       0
       0
       0
       0
     348
    1279
    1757
    2464
    3699
    5310
    6999
    8855
    9640
    9409
    8494
    6975
    5592
    4426
    4152
    4795
    5839
    7267
    9328
   11176
   12712
   13967
   14394
   13789
   12579
   10879
    8639
    6574
    4679
    3248
    2032
    1284
     778
     512
     365
     268
     241
     197
     205
     169
     170
     168
     194
     192
     170
     159
     178
     171
     164
     141
     139
     113
     133
     122
     155
     136
     127
     124
     117
     110
     101
     144
     100
     114
     102
     103
     106
      91
      95
      89
      96
     106
      95
      85
      94
      65
      81
      88
      84
      85
      90
      76
      74
      69
      76
      71
      63
      77
      68
      74
      56
      46
      69
      50
      61
      47
      60
      60
      54
      53
      58
      45
      52
      41
      56
      47
      56
      38
      45
      48
      50
      54
      45
      41
      44
      31
      47
      39
      39
      39
      25
      33
      38
      32
      21
      34
      30
      30
      29
      36
      25
      26
      31
      26
      29
      35
      24
      23
      23
      30
      24
      31
      30
      21
      30
      19
      26
      29
      24
      27
      17
      21
      22
      20
      14
      23
      26
      21
      18
      14
      18
      17
      21
      19
      16
      24
      17
      11
      12
      15
      22
      17
      21
      19
       8
      16
      16
      21
      16
      13
      19
      14
      18
      12
      15
      11
      14
       9
      13
      11
       9
      11
      11
      10
      12
      11
      18
      15
      15
      12
      13
       7
       8
       6
      10
       9
      12
      14
      14
      11
       9
       6
      11
      11
      10
      15
      12
       7
      11
      10
      20
       8
       8
      10
       4
       6
       6
       1
       6
       8
       5
       9
       9
       7
       5
       7
       8
       7
      11
       8
       3
       7
       7
       4
       6
       7
       9
       8
       9
       6
      10
       4
       8
       7
       5
       8
       4
      10
      14
      10
       7
       2
      12
      11
      11
       6
      10
      12
       1
       3
       5
       8
       2
       8
      10
      11
       7
       5
       8
       8
       8
       2
       7
       8
       3
       8
       5
       6
       5
       8
       6
       5
       6
       5
      13
       5
       2
       6
       6
       8
       1
       3
       4
       3
       3
       1
       4
       4
       6
       5
       3
       3
       6
       3
       3
       1
      10
       0
       5
       4
       5
       1
       3
       2
       5
       6
       7
       3
       5
       3
       1
       6
       1
       3
       2
       2
       3
       6
       2
       2
       6
       3
       5
       2
       0
       6
       4
       5
       3
       2
       3
       4
       5
       0
       5
       4
       7
       5
       5
       2
       2
       0
       2
       6
       3
       6
       1
       6
       3
       2
       5
       4
       4
       4
       3
       1
       2
       3
       0
       4
       3
       6
       1
       1
       4
       1
       5
       1
       4
       3
       3
       4
       1
       5
       1
       4
       3
       4
       5
       3
       1
       5
       1
       0
       1
       5
       6
       3
       9
       3
       3
       4
       1
       3
       1
       2
       1
       4
       4
       4
       3
       2
       2
       2
       1
       2
       1
       1
       5
       3
       7
       4
       5
       3
       1
       1
       2
       3
       3
       0
       1
       2
       0
       2
       0
       4
       6
       2
       3
       1
       4
       4
       3
       0
       3
       2
       2
       1
       2
       1
       2
       4
       3
       1
       3
       5
       2
       1
       4
       3
       3
       1
       1
       2
       1
       2
       4
       3
       1
       0
       2
       3
       4
       2
       8
       2
       3
       4
       0
       0
       2
       4
       2
       6
       3
       3
       1
       1
       6
       2
       1
       3
       2
       1
       5
       1
       2
       2
       0
       1
       0
       1
       2
       2
       3
       0
       1
       1
       0
       0
       0
       1
       4
       2
       3
       3
       1
       0
       2
       1
       1
       4
       1
       1
       3
       1
       3
       0
       0
       0
       1
       2
       4
       0
       1
       3
       0
       1
       2
       2
       0
       0
       2
       2
       2
       3
       1
       1
       0
       2
       2
       2
       0
       1
       0
       1
       0
       0
       2
       1
       1
       3
       4
       0
       0
       1
       0
       0
       2
       6
       1
       3
       1
       1
       0
       1
       1
       1
       2
       0
       2
       0
       2
       2
       3
       4
       2
       2
       4
       1
       0
       1
       1
       5
       1
       1
       6
       3
       0
       0
       3
       1
       1
       5
       3
       2
       6
       0
       1
       3
       0
       2
       3
       1
       1
       2
       1
       6
       3
       0
       3
       0
       0
       5
       4
       0
       2
       2
       0
       5
       0
       3
       1
       0
       0
       2
       3
       0
       0
       0
       1
       0
       0
       2
       0
       1
       1
       0
       1
       4
       0
       0
       0
       0
       2
       1
       1
       1
       1
       2
       1
       3
       1
       2
       0
       1
       1
       2
       2
       0
       1
       1
       1
       0
       1
       0
       0
       0
       0
       1
       0
       2
       0
       0
       0
       2
       2
       0
       1
       0
       1
       0
       0
       1
       0
       0
       0
       2
       1
       0
       2
       2
       1
       1
       0
       2
       0
       0
       1
       2
       0
       1
       2
       1
       1
       0
       0
       0
       1
       0
       0
       0
       0
       0
       0
       0
       0
       0
       0
       2
       0
       0
       1
       0
       2
       0
       0
       0
       0
       0
       2
       0
       0
       0
       0
       0
       1
       0
       0
       0
       0
       1
       0
       0
       0
       1
       0
       0
       0
       0
       0
       0
       0
       0
       0
       2
       0
       0
       0
       0
       0
       0
       0
       1
       1
       0
       0
       0
       0
       0
       0
       0
       0
       0
       0
       0
       0
       0
       0
       0
       0
       0
       1
       0
       0
       0
       1
       0
       1
       0
       0
       1
       1
       0
       0
       0
       0
       2
       0
       0
       1
       0
       0
       1
       0
       1
       0
       0
       0
       2
       0
       0
       1
       2
       0
       1
       0
       1
       0
       0
       0
       0
       0
       0
       1
       0
       0
       0
       0
       0
       0
       0
       0
       0
       0
       0
       0
       0
       2
       0
       0
       0
       0
       0
       0
       0
       0
       1
       0
       0
       1
       0
       0
       0
       0
       0
       0
       0
       0
       0
       0
       0
       0
       0
       0
       0
       0
       0
       0
       0
       0
       0
       0
       1
       0
       0
       0
       0
       0
       0
       0
       0
       0
       0
       0
       0
       1
       1
       0
       0
       0
       0
       0
       0
       0
       0
       0
       1
       1
       1
       0
       0
       0
       0
       0
       0
       0
       0
       0
       0
       0
       0
       0
       1
       0
       0
       0
       0
       0
       0
       0
       0
       0
       0
       0
       0
       1
       0
       0
       0
       0
       0
       0
       0
       0
       1
       1
       0
       1
       0
       1
       0
       0
       0
       0
       0
       1
       0
       1
       0
       0
       0
       0
       0
       0
       0
       0
       0
       0
       1
       0
       0
       0
       0
       0
       0
       0
       0
       1
       0
       0
       0
       0
       0
       1
       0
       0
       1
       0
       0
       0
       1
       0
       0
       0
       0
       0
       0
       0
       0
       0
       0
       0
       0
       0
       0
       0
       0
       0
$ROI:
2
21 38
253 337
$PRESETS:
None
0
0
$ENER_FIT:
0.000000 2.050987
$MCA_CAL:
3
0.000000E+000 2.050987E+000 0.000000E+000 keV
$SHAPE_CAL:
3
7.710171E+000 0.000000E+000 0.000000E+000
