$SPEC_ID:
No sample description was entered.
$SPEC_REM:
DET# 1
DETDESC# SPACESCIENCE4 digiBASE-RH SN 15121435
AP# Maestro Version 7.01
$DATE_MEA:
09/30/2024 16:16:02
$MEAS_TIM:
199 200
$DATA:
0 1023
       0
       0
       0
       0
       0
     238
     848
    1062
    1488
    2308
    3245
    4510
    5793
    6752
    7096
    6874
    5926
    4668
    3418
    2931
    2669
    2785
    3368
    4491
    5850
    7419
    8755
   10038
   10894
   10679
   10240
    9104
    7593
    5805
    4454
    3022
    2035
    1238
     801
     495
     325
     273
     193
     172
     195
     192
     202
     161
     187
     167
     170
     168
     141
     176
     118
     128
     135
     140
     130
     143
     134
     124
     111
     115
     108
     111
     116
      96
      88
     109
     100
      84
     109
      86
      87
      74
      94
      84
      94
      70
     108
      75
      82
      78
      74
      77
      68
      72
      76
      94
      66
      65
      68
      61
      64
      69
      48
      50
      46
      65
      46
      49
      53
      46
      60
      39
      53
      47
      49
      41
      53
      47
      44
      50
      39
      34
      32
      38
      45
      35
      29
      46
      34
      39
      35
      33
      22
      33
      38
      36
      37
      28
      35
      27
      27
      23
      32
      27
      32
      22
      28
      24
      32
      25
      28
      23
      20
      15
      18
      24
      23
      26
      18
      22
      14
      24
      19
      19
      19
      19
      23
      16
      12
      21
      17
      18
      18
      13
      17
      16
      15
      16
      19
      13
      21
      14
      15
       7
      15
      19
      15
      11
      14
      11
      14
      12
      15
      10
       9
      13
       5
      17
      13
      14
      11
      14
      13
       7
       8
      13
      15
       9
       9
       7
      15
      12
       4
       3
      11
       6
       8
       9
       8
       9
      10
      13
       9
       6
      11
      10
       9
      14
      16
       6
      10
      16
       5
       8
       4
       8
      10
       7
      12
       4
      11
      11
       9
      10
       8
       7
      11
      10
       6
       9
       8
       8
       7
       9
       6
       5
       4
       4
       5
       4
       5
       6
      10
      13
       8
       9
       7
       4
       6
       6
       6
       6
      15
       5
       5
      11
       4
       9
       7
       8
       5
       8
       1
       5
       5
       7
       5
       8
       0
       6
       8
      11
       4
       6
       4
       5
       3
       9
       7
       5
       3
       3
       9
       4
       3
       5
       4
       6
       7
       3
       8
       8
       2
       5
       4
       3
       4
       8
       3
       6
       6
       2
       5
       7
       4
       5
       2
       3
       2
       3
       6
       1
       3
       7
       5
       4
       4
       4
       4
       9
       4
       7
       2
       4
       5
       4
       4
       9
       2
       3
       2
       1
       2
       0
       6
       2
       2
       4
       4
       3
       2
       5
       3
       5
       4
       5
       3
       8
       1
       1
       5
       0
       1
       4
       1
       5
       4
       2
       2
       3
       4
       1
       3
       7
       4
       4
       2
       1
       4
       1
       1
       2
       3
       3
       1
       2
       4
       1
       1
       6
       1
       1
       3
       3
       1
       4
       4
       2
       2
       3
       8
       2
       3
       3
       3
       4
       3
       4
       5
       2
       1
       7
       3
       2
       1
       1
       5
       3
       2
       2
       3
       4
       2
       3
       2
       0
       2
       1
       3
       2
       2
       1
       3
       1
       2
       4
       2
       2
       3
       1
       5
       5
       1
       3
       3
       2
       1
       4
       1
       3
       3
       4
       2
       2
       6
       3
       1
       1
       1
       2
       0
       4
       0
       3
       4
       4
       2
       3
       1
       2
       3
       1
       3
       1
       2
       1
       4
       4
       1
       1
       1
       4
       6
       0
       4
       2
       1
       0
       4
       1
       1
       5
       3
       2
       3
       5
       1
       2
       1
       2
       1
       1
       1
       2
       3
       1
       2
       2
       2
       1
       4
       2
       4
       3
       1
       1
       1
       3
       1
       1
       3
       0
       2
       2
       1
       3
       2
       0
       1
       2
       3
       0
       1
       3
       4
       1
       1
       2
       2
       0
       0
       1
       1
       0
       0
       2
       1
       0
       1
       1
       1
       1
       2
       1
       2
       0
       3
       2
       1
       1
       2
       0
       0
       2
       2
       2
       3
       0
       2
       2
       0
       2
       2
       2
       0
       2
       0
       2
       4
       2
       2
       3
       1
       1
       0
       1
       2
       1
       2
       0
       2
       2
       3
       1
       1
       0
       3
       2
       1
       0
       3
       2
       3
       1
       2
       0
       2
       1
       0
       1
       3
       3
       1
       3
       0
       1
       4
       2
       3
       1
       0
       4
       5
       6
       1
       1
       1
       0
       2
       1
       0
       0
       1
       3
       0
       1
       0
       2
       2
       3
       1
       2
       0
       3
       3
       0
       0
       1
       2
       0
       1
       3
       3
       1
       0
       0
       1
       1
       0
       1
       2
       0
       3
       1
       0
       0
       0
       2
       2
       3
       1
       2
       0
       0
       1
       1
       1
       2
       0
       1
       0
       0
       0
       1
       0
       1
       0
       0
       0
       0
       1
       0
       1
       2
       0
       0
       1
       1
       2
       1
       0
       0
       0
       0
       0
       1
       0
       1
       0
       1
       1
       3
       1
       0
       0
       1
       0
       2
       0
       0
       0
       2
       0
       0
       1
       1
       0
       1
       0
       0
       1
       0
       2
       0
       1
       0
       0
       2
       0
       1
       2
       0
       0
       1
       1
       0
       0
       0
       2
       1
       1
       1
       0
       2
       0
       0
       1
       1
       2
       0
       2
       1
       0
       1
       0
       0
       0
       1
       2
       0
       0
       0
       1
       0
       1
       0
       3
       0
       0
       0
       1
       0
       0
       0
       2
       0
       0
       0
       1
       0
       0
       2
       0
       1
       0
       0
       1
       2
       0
       0
       0
       0
       0
       3
       0
       0
       1
       0
       0
       0
       0
       0
       1
       0
       0
       0
       0
       0
       1
       0
       0
       0
       0
       1
       0
       0
       0
       0
       0
       0
       0
       0
       1
       0
       0
       0
       0
       0
       0
       0
       0
       0
       1
       0
       0
       1
       0
       0
       0
       0
       0
       1
       0
       0
       0
       0
       0
       0
       0
       0
       0
       0
       1
       0
       0
       0
       1
       1
       0
       0
       1
       0
       0
       1
       0
       0
       0
       0
       0
       0
       0
       0
       0
       0
       0
       0
       0
       0
       0
       1
       2
       0
       0
       0
       0
       0
       0
       0
       0
       0
       0
       0
       0
       0
       1
       0
       0
       0
       0
       0
       1
       0
       1
       0
       0
       0
       0
       0
       0
       0
       0
       0
       1
       1
       0
       0
       0
       1
       0
       0
       0
       0
       0
       0
       0
       2
       0
       0
       0
       0
       0
       0
       0
       1
       0
       0
       0
       0
       0
       0
       0
       0
       0
       1
       0
       0
       0
       0
       0
       0
       0
       0
       0
       0
       0
       0
       0
       0
       0
       0
       0
       1
       1
       0
       0
       0
       2
       0
       0
       0
       0
       0
       0
       0
       0
       0
       0
       0
       0
       0
       0
       1
       1
       0
       0
       0
       0
       0
       0
       0
       0
       0
       0
       0
       0
       0
       0
       0
       0
       0
       0
       0
       0
       0
       0
       1
       0
       1
       0
       1
$ROI:
2
21 38
253 337
$PRESETS:
None
0
0
$ENER_FIT:
0.000000 2.050987
$MCA_CAL:
3
0.000000E+000 2.050987E+000 0.000000E+000 keV
$SHAPE_CAL:
3
7.710171E+000 0.000000E+000 0.000000E+000
