$SPEC_ID:
No sample description was entered.
$SPEC_REM:
DET# 1
DETDESC# SPACESCIENCE4 digiBASE-RH SN 15121435
AP# Maestro Version 7.01
$DATE_MEA:
09/30/2024 16:03:32
$MEAS_TIM:
200 201
$DATA:
0 1023
       0
       0
       0
       0
       0
     256
     987
    1222
    1708
    2369
    3362
    4382
    5518
    6402
    6640
    6323
    5287
    4380
    3306
    2658
    2525
    2774
    3596
    4680
    6144
    7893
    9580
   10757
   11629
   11865
   11368
   10164
    8627
    6801
    4856
    3402
    2214
    1387
     915
     572
     359
     262
     204
     210
     185
     192
     175
     174
     174
     169
     165
     182
     141
     152
     166
     192
     158
     148
     131
     143
     164
     114
     129
     128
     128
     122
      98
     110
      88
      95
      90
     103
      96
      84
     107
      92
     115
      87
      86
      85
      59
      79
      80
      88
      83
      88
      72
      85
      57
      70
      65
      68
      75
      54
      62
      75
      73
      60
      56
      62
      61
      67
      55
      68
      57
      50
      49
      42
      49
      58
      44
      48
      58
      41
      41
      55
      35
      43
      43
      33
      27
      41
      39
      35
      45
      36
      31
      34
      37
      36
      22
      33
      35
      31
      26
      32
      37
      32
      21
      34
      22
      28
      20
      30
      30
      23
      37
      23
      25
      27
      25
      22
      16
      36
      13
      23
      28
      20
      26
      17
      15
      19
      24
      17
      18
      19
      20
      21
      13
      20
      12
      12
      12
      15
      11
      17
      16
      14
      12
      17
      17
      12
      14
      13
      14
      11
      20
      10
      14
      12
      12
      15
      10
      13
      15
      13
       8
      11
      16
       9
      10
       7
      12
      10
       9
      10
      13
      11
       7
       7
      12
       8
      15
       7
      11
      10
      14
      17
      11
      13
       9
       7
      15
       4
       8
      10
      13
      17
       7
       5
       6
      12
       2
      14
      10
       8
       7
       8
       4
      10
       8
       8
       6
       6
       8
       3
       8
       6
       4
       7
      12
      12
       9
       4
       8
       8
       6
       9
      12
      12
       7
      10
       7
       5
       3
       4
       6
       4
      15
       6
       2
       8
       8
       2
       4
       1
      12
       7
       6
      10
      10
      10
       7
       7
       3
       3
       8
       5
       8
       6
       6
       5
       4
       8
       8
       6
       2
       4
       7
      10
       6
       5
       3
       6
       2
       6
       3
       5
       2
       6
       4
       6
       6
       7
       5
      10
       5
       4
       4
       4
       4
       7
       3
       5
       7
       5
       3
       4
       7
       1
       7
       3
       8
       7
       4
       6
       3
       2
       2
       3
       4
       3
       4
       6
       2
       3
       4
       7
       1
       4
       5
       3
       6
       1
       1
       2
       2
       6
       3
       0
       5
       5
       1
       2
       2
       2
       4
       3
       1
       4
       6
       4
       0
       2
       2
       2
       8
       6
       2
       6
       3
       1
       5
       3
       1
       5
       4
       1
       3
       3
       4
       1
       2
       3
       5
       1
       1
       2
       3
       1
       1
       6
       3
       1
       3
       3
       2
       4
       3
       3
       2
       3
       2
       3
       2
       1
       1
       2
       3
       0
       2
       4
       2
       3
       7
       1
       3
       0
       2
       5
       4
       4
       3
       3
       3
       3
       4
       4
       0
       1
       3
       3
       1
       2
       4
       2
       2
       2
       2
       3
       0
       1
       3
       5
       2
       3
       3
       2
       1
       2
       4
       5
       2
       3
       2
       3
       2
       1
       2
       1
       4
       2
       1
       5
       3
       4
       3
       0
       2
       5
       1
       2
       2
       1
       2
       4
       2
       0
       3
       3
       3
       3
       0
       2
       0
       5
       2
       1
       5
       3
       0
       2
       2
       4
       0
       2
       2
       0
       0
       1
       5
       1
       4
       0
       1
       0
       3
       1
       2
       2
       3
       0
       1
       0
       3
       5
       2
       1
       3
       2
       1
       0
       2
       2
       1
       3
       3
       2
       2
       1
       0
       2
       1
       5
       0
       2
       2
       2
       1
       2
       0
       2
       1
       4
       2
       1
       0
       1
       0
       2
       2
       1
       2
       0
       3
       0
       3
       0
       4
       2
       3
       1
       1
       4
       1
       1
       1
       2
       0
       2
       6
       0
       2
       1
       2
       2
       2
       1
       1
       1
       1
       0
       0
       1
       2
       3
       1
       2
       1
       3
       1
       1
       1
       0
       3
       3
       1
       2
       1
       0
       2
       2
       4
       1
       1
       2
       0
       0
       2
       4
       2
       2
       1
       0
       0
       4
       0
       0
       1
       1
       2
       0
       1
       1
       3
       1
       1
       1
       1
       2
       1
       2
       0
       2
       1
       1
       0
       2
       1
       4
       1
       1
       1
       2
       1
       2
       2
       1
       1
       1
       1
       0
       2
       0
       1
       2
       1
       0
       2
       1
       1
       2
       0
       2
       0
       2
       0
       1
       1
       0
       0
       1
       1
       1
       1
       2
       1
       0
       0
       0
       0
       1
       0
       1
       1
       0
       1
       0
       0
       0
       0
       1
       1
       1
       0
       0
       2
       0
       0
       0
       2
       0
       1
       0
       2
       0
       1
       0
       2
       0
       1
       1
       2
       1
       0
       0
       1
       2
       0
       1
       0
       0
       1
       0
       0
       1
       0
       0
       2
       0
       0
       2
       1
       0
       0
       0
       0
       0
       0
       0
       0
       1
       0
       2
       0
       0
       0
       0
       0
       0
       2
       1
       0
       0
       1
       1
       0
       0
       0
       0
       0
       0
       0
       0
       1
       1
       0
       1
       0
       0
       0
       0
       0
       0
       0
       1
       0
       0
       1
       0
       0
       0
       0
       0
       0
       0
       1
       0
       1
       0
       0
       1
       0
       1
       1
       1
       0
       0
       1
       1
       0
       0
       1
       0
       0
       0
       0
       1
       2
       1
       1
       0
       0
       0
       0
       2
       1
       0
       0
       0
       0
       1
       0
       0
       0
       2
       2
       0
       0
       1
       0
       0
       0
       0
       0
       0
       0
       2
       0
       0
       1
       0
       1
       0
       0
       0
       0
       0
       0
       1
       0
       0
       0
       0
       0
       1
       1
       0
       0
       0
       0
       1
       0
       2
       0
       1
       1
       1
       0
       0
       1
       0
       0
       0
       2
       0
       0
       0
       0
       0
       1
       0
       0
       0
       0
       0
       1
       0
       1
       0
       0
       0
       0
       0
       0
       0
       0
       0
       0
       0
       0
       0
       1
       0
       1
       0
       0
       1
       1
       0
       0
       0
       0
       0
       1
       0
       0
       0
       0
       0
       0
       0
       0
       0
       0
       0
       1
       0
       1
       0
       0
       0
       0
       0
       0
       0
       0
       0
       0
       0
       0
       0
       0
       0
       0
       1
       0
       0
       0
       0
       0
       0
       0
       0
       0
       0
       0
       0
       0
       0
       0
       0
       0
       0
       0
       0
       0
       1
       0
       0
       0
       0
       0
       1
       0
       0
       0
       0
       2
       0
       0
       0
       0
       0
       0
       0
       0
       0
       0
       0
       0
       0
       0
       1
       0
       0
       0
       0
       0
       0
       0
       0
       1
       0
       0
       1
       0
       0
       0
       0
       0
       0
       1
       0
$ROI:
1
253 337
$PRESETS:
None
0
0
$ENER_FIT:
0.000000 0.000000
$MCA_CAL:
3
0.000000E+000 0.000000E+000 0.000000E+000 
$SHAPE_CAL:
3
0.000000E+000 0.000000E+000 0.000000E+000
