$SPEC_ID:
No sample description was entered.
$SPEC_REM:
DET# 1
DETDESC# SPACESCIENCE4 digiBASE-RH SN 15121435
AP# Maestro Version 7.01
$DATE_MEA:
09/30/2024 16:24:06
$MEAS_TIM:
199 200
$DATA:
0 1023
       0
       0
       0
       0
       0
     257
     862
    1046
    1462
    2417
    3850
    5638
    7341
    8541
    8694
    8172
    6800
    5283
    3967
    3357
    3321
    3832
    4588
    5850
    7205
    8542
    9763
   10591
   10556
   10144
    9115
    7702
    6211
    4642
    3339
    2300
    1444
     915
     610
     400
     303
     217
     186
     187
     169
     178
     184
     199
     189
     176
     192
     165
     164
     160
     147
     129
     129
     165
     149
     124
     108
      99
     126
     104
     114
     122
     143
     109
      92
     101
     120
     119
      89
     115
      88
      97
      96
      83
      85
      78
      72
      89
     103
      92
      80
      79
      63
      60
      69
      73
      85
      88
      74
      83
      54
      56
      60
      62
      36
      58
      49
      45
      67
      60
      59
      50
      54
      58
      46
      42
      50
      45
      44
      36
      55
      42
      40
      35
      29
      33
      32
      37
      50
      34
      27
      33
      39
      41
      32
      47
      26
      37
      22
      34
      25
      23
      39
      29
      34
      30
      26
      34
      35
      34
      32
      31
      24
      19
      30
      20
      37
      18
      19
      19
      32
      19
      25
      16
      12
      23
      29
      14
      21
      12
      21
      21
      26
      19
      15
      23
      23
      19
      20
      17
      14
      13
      17
      13
      14
       8
      14
      13
      10
       9
      12
      10
      17
      20
       7
       8
       9
      11
      11
       8
      15
      12
      13
      10
      11
      10
      16
       6
       8
      13
       9
       7
      11
      13
       9
       9
      14
      17
      12
      11
      11
      11
       7
       6
       6
      10
       8
       6
       8
       5
       7
      11
      10
       6
       8
       4
       8
      10
       4
       8
      12
       9
       8
       6
       8
      11
       7
       5
       5
       7
       9
       7
      10
       9
      11
       6
       9
      10
       7
       5
      11
       5
       5
      11
       8
       8
      11
       5
       6
       5
       6
      12
       5
       5
      12
       6
      10
       9
       9
       5
      12
       4
       4
       5
       4
       5
       4
       5
       6
       4
       2
       4
       5
       4
       5
       3
       7
       9
       5
       7
       6
       6
      10
       4
       3
       2
       4
       8
       5
       7
       4
       1
       6
       5
       7
       4
       7
       4
       5
       4
       3
       5
       4
       5
       5
       4
       7
       3
       5
       2
       2
       4
       5
       6
       4
       4
       5
       3
       5
       3
       2
       3
       2
       5
       6
       6
       1
       7
       4
       1
       2
       5
       1
       6
       5
       3
       6
       6
       2
       5
       2
       3
       3
       6
       2
       4
       4
       3
       2
       5
       3
       2
       1
       1
       3
       2
       6
       0
       3
       4
       1
       3
       6
       4
       2
       2
       3
       2
       3
       2
       5
       2
       5
       4
       4
       5
       8
       4
       1
       1
       0
       3
       4
       3
       1
       6
       3
       3
       4
       6
       1
       2
       3
       2
       6
       3
       1
       5
       2
       5
       2
       4
       2
       4
       1
       4
       3
       0
       2
       3
       0
       2
       1
       0
       2
       3
       2
       4
       2
       1
       3
       1
       3
       2
       2
       3
       2
       2
       2
       3
       5
       3
       1
       1
       1
       2
       4
       2
       1
       1
       3
       1
       2
       3
       1
       3
       1
       2
       1
       5
       2
       2
       5
       3
       2
       3
       1
       1
       1
       4
       0
       5
       3
       3
       1
       1
       0
       2
       1
       3
       4
       1
       1
       0
       2
       1
       1
       3
       2
       2
       1
       3
       1
       1
       0
       1
       4
       3
       2
       1
       1
       0
       0
       2
       3
       0
       2
       0
       1
       0
       2
       3
       2
       4
       4
       2
       2
       1
       1
       2
       2
       2
       1
       2
       2
       0
       0
       2
       4
       0
       3
       2
       0
       1
       0
       1
       0
       2
       2
       0
       0
       1
       0
       0
       0
       1
       0
       2
       1
       2
       2
       4
       2
       3
       0
       1
       3
       3
       2
       0
       1
       2
       3
       2
       1
       1
       0
       1
       1
       1
       0
       1
       0
       1
       1
       2
       1
       0
       1
       4
       1
       1
       0
       4
       0
       0
       4
       0
       2
       2
       2
       5
       0
       1
       1
       0
       1
       1
       1
       4
       2
       3
       3
       4
       0
       1
       5
       1
       1
       2
       2
       3
       1
       2
       3
       3
       1
       4
       2
       1
       2
       1
       3
       2
       2
       1
       1
       1
       3
       1
       2
       1
       1
       2
       0
       4
       2
       1
       0
       4
       1
       1
       1
       2
       1
       1
       1
       1
       2
       0
       0
       2
       0
       1
       0
       1
       1
       1
       0
       1
       1
       0
       1
       0
       1
       2
       2
       4
       1
       0
       1
       0
       0
       2
       1
       1
       1
       0
       0
       0
       0
       0
       1
       0
       1
       0
       0
       1
       0
       0
       1
       1
       1
       0
       1
       1
       0
       1
       0
       0
       0
       0
       1
       0
       0
       2
       1
       0
       2
       1
       1
       0
       0
       1
       0
       0
       0
       0
       1
       0
       1
       0
       0
       0
       1
       1
       1
       2
       0
       0
       3
       1
       1
       0
       0
       0
       2
       1
       0
       1
       1
       1
       1
       0
       1
       0
       0
       0
       0
       0
       0
       1
       1
       1
       0
       1
       1
       0
       1
       0
       0
       1
       0
       0
       0
       1
       0
       0
       1
       2
       0
       0
       0
       0
       1
       0
       0
       1
       1
       1
       4
       0
       0
       0
       0
       0
       0
       0
       0
       1
       1
       0
       0
       0
       0
       2
       0
       0
       0
       0
       2
       0
       0
       0
       0
       0
       0
       1
       0
       0
       1
       0
       0
       0
       0
       0
       0
       0
       0
       1
       0
       0
       0
       0
       0
       0
       0
       0
       0
       0
       0
       0
       1
       0
       1
       0
       0
       0
       0
       0
       0
       1
       0
       0
       2
       0
       0
       0
       1
       0
       1
       0
       0
       1
       0
       0
       0
       0
       1
       0
       0
       0
       1
       0
       0
       0
       1
       0
       0
       0
       1
       0
       0
       0
       0
       0
       0
       1
       2
       0
       1
       1
       0
       1
       0
       0
       0
       1
       0
       0
       0
       0
       1
       1
       0
       0
       0
       0
       1
       1
       1
       1
       0
       0
       0
       0
       0
       0
       1
       0
       0
       0
       0
       1
       0
       0
       0
       0
       0
       0
       1
       0
       0
       0
       0
       0
       0
       0
       0
       0
       0
       0
       1
       0
       0
       0
       0
       0
       0
       0
       0
       0
       0
       0
       0
       0
       0
       0
       1
       0
       1
       0
       0
       0
       0
       0
       0
       0
       0
       0
       1
       0
       0
       0
       0
       2
       0
       0
       0
       0
       0
       0
       0
       0
       0
       0
       0
       0
       0
       0
       0
       0
       0
       0
       1
       0
       0
       1
       0
       1
       1
       0
       0
       0
       0
       0
       0
       0
       0
       0
       0
       1
       0
       0
       0
       0
       0
       0
       0
       0
       0
       0
       0
       0
       0
       0
       0
       0
       0
       1
$ROI:
2
21 38
253 337
$PRESETS:
None
0
0
$ENER_FIT:
0.000000 2.050987
$MCA_CAL:
3
0.000000E+000 2.050987E+000 0.000000E+000 keV
$SHAPE_CAL:
3
7.710171E+000 0.000000E+000 0.000000E+000
