$SPEC_ID:
No sample description was entered.
$SPEC_REM:
DET# 1
DETDESC# SPACESCIENCE4 digiBASE-RH SN 15121435
AP# Maestro Version 7.01
$DATE_MEA:
09/30/2024 14:50:58
$MEAS_TIM:
300 300
$DATA:
0 1023
       0
       0
       0
       0
       0
     220
     586
     422
     355
     460
     731
    1399
    2233
    3036
    3692
    4102
    3835
    3313
    2542
    1707
    1123
     769
     581
     532
     527
     561
     575
     638
     674
     646
     745
     747
     899
     993
    1048
    1202
    1286
    1319
    1420
    1457
    1421
    1361
    1219
    1025
     898
     744
     688
     624
     550
     518
     523
     492
     472
     482
     518
     476
     432
     476
     478
     480
     451
     490
     477
     519
     471
     459
     529
     491
     454
     475
     470
     455
     475
     469
     453
     458
     448
     458
     478
     466
     443
     456
     449
     413
     411
     399
     371
     390
     380
     375
     354
     317
     296
     325
     306
     295
     300
     294
     295
     288
     267
     245
     262
     277
     266
     277
     233
     268
     243
     211
     235
     236
     224
     210
     259
     251
     231
     236
     225
     232
     259
     244
     296
     266
     270
     301
     294
     266
     333
     309
     316
     305
     304
     315
     344
     303
     272
     316
     317
     287
     353
     345
     341
     298
     354
     303
     391
     391
     406
     424
     425
     452
     457
     459
     430
     535
     478
     527
     494
     470
     498
     518
     455
     453
     456
     431
     419
     336
     384
     343
     309
     318
     261
     217
     264
     219
     194
     178
     144
     157
     147
     127
      96
     103
      90
      88
      85
      53
      68
      77
      60
      50
      62
      54
      29
      41
      45
      30
      39
      24
      32
      28
      29
      26
      20
      25
      24
      28
      15
      21
      29
      14
      28
      20
      23
      23
      21
      17
      19
      13
      14
      15
      17
       9
       8
      12
      19
      17
       8
      12
       9
      11
       8
      14
       2
      15
      14
      13
      15
      11
      11
      15
      14
       7
      14
       5
       9
      11
      12
      10
       7
       7
       9
      17
       8
      15
       2
      14
       9
      12
      13
      10
       7
       9
      10
      12
      10
      12
       8
       7
      13
       5
       8
       9
      16
      18
       4
       7
       9
      14
       5
       4
      11
       7
      16
       5
      10
       5
      13
      11
       6
       5
       5
       9
       5
       4
       4
       7
       8
       9
      13
       7
       9
       7
       9
       3
       5
       4
       5
      11
       7
       6
       5
       8
       7
       8
       8
       7
       4
       9
       8
       7
       4
       5
       5
       5
       3
       5
       7
      11
       7
       8
       4
       5
       5
       9
       4
       0
       3
       4
       6
       6
      14
       2
       5
       5
       8
       5
       6
       4
       6
       7
       3
       5
       0
       0
       4
       3
       7
       5
       1
       0
       0
       6
       7
       3
       5
       5
       6
       6
       5
       5
       5
       6
       9
       5
       5
       5
       1
       5
       4
       8
       7
       9
       3
       2
       5
       3
       8
       4
       6
       5
       4
       8
       2
       3
       4
       5
       3
       5
       4
       4
       6
       5
       6
       6
       5
       5
       3
       6
       2
       5
       2
       3
       4
       4
       1
       3
       2
       4
       2
       3
       5
       2
       5
       4
       4
       4
       4
       1
       3
       2
       4
       5
       2
       3
       1
       2
       1
       4
       6
       6
       7
       1
       3
       4
       3
       6
       3
       2
       5
       5
       3
       5
       3
       6
       4
       2
       2
       5
       0
       3
       1
       3
       3
       3
       5
       2
       3
       5
       1
       2
       0
       4
       4
       5
       6
       2
       1
       3
       6
       0
       3
       4
       6
       1
       6
       1
       4
       3
       1
       3
       4
       2
       3
       3
       2
       2
       4
       2
       3
       3
       3
       0
       1
       1
       4
       3
       0
       3
       2
       2
       2
       1
       0
       1
       5
       1
       2
       2
       0
       0
       1
       2
       3
       1
       2
       4
       3
       3
       4
       1
       6
       3
       3
       3
       2
       0
       4
       3
       0
       2
       3
       1
       1
       2
       2
       0
       2
       2
       1
       3
       5
       1
       2
       3
       2
       3
       2
       4
       3
       1
       4
       1
       2
       3
       3
       3
       1
       5
       2
       5
       1
       4
       2
       2
       3
       4
       0
       3
       4
       2
       2
       2
       0
       5
       1
       1
       4
       4
       4
       5
       6
       1
       4
       5
       1
       2
       0
       4
       1
       3
       3
       2
       2
       3
       2
       3
       2
       3
       2
       2
       2
       1
       3
       4
       2
       1
       2
       0
       5
       4
       1
       1
       3
       3
       1
       2
       2
       5
       7
       4
       3
       3
       2
       2
       1
       0
       2
       5
       3
       4
       3
       1
       2
       2
       0
       3
       2
       4
       1
       2
       2
       0
       1
       3
       0
       4
       0
       4
       0
       0
       0
       1
       1
       0
       2
       1
       0
       2
       2
       4
       2
       1
       1
       1
       1
       0
       2
       2
       1
       0
       0
       2
       0
       0
       1
       0
       3
       0
       0
       1
       1
       0
       3
       2
       0
       2
       0
       2
       1
       4
       0
       2
       0
       0
       0
       0
       0
       0
       2
       1
       1
       1
       2
       4
       3
       0
       0
       2
       1
       4
       0
       1
       0
       0
       0
       1
       0
       2
       0
       0
       1
       0
       3
       0
       1
       2
       0
       1
       1
       0
       2
       0
       0
       1
       0
       1
       1
       0
       1
       2
       0
       1
       0
       0
       0
       0
       1
       0
       2
       2
       2
       0
       0
       1
       1
       1
       0
       1
       1
       2
       0
       1
       0
       0
       1
       2
       1
       0
       0
       1
       1
       1
       0
       1
       2
       0
       1
       1
       0
       0
       0
       0
       2
       0
       0
       0
       2
       0
       0
       0
       1
       0
       0
       0
       0
       0
       0
       0
       0
       0
       0
       2
       1
       1
       1
       2
       0
       0
       0
       1
       0
       0
       1
       0
       0
       0
       0
       0
       1
       0
       1
       0
       0
       0
       0
       1
       3
       0
       0
       0
       0
       1
       1
       0
       0
       1
       1
       1
       0
       0
       0
       1
       0
       1
       1
       0
       0
       0
       0
       0
       0
       2
       0
       1
       0
       1
       0
       0
       0
       0
       1
       0
       1
       0
       0
       0
       0
       0
       0
       0
       0
       0
       0
       0
       0
       1
       1
       0
       0
       0
       1
       0
       0
       0
       0
       0
       1
       0
       0
       0
       1
       0
       1
       0
       0
       1
       0
       1
       0
       2
       0
       1
       0
       1
       0
       0
       1
       0
       0
       0
       0
       0
       0
       0
       0
       0
       0
       2
       1
       0
       1
       0
       0
       0
       0
       2
       0
       1
       1
       0
       0
       0
       0
       0
       2
       1
       1
       0
       0
       0
       0
       0
       0
       1
       0
       1
       0
       0
       0
       0
       0
       0
       0
       0
       0
       1
       0
       0
       1
       0
       1
       0
       0
       0
       0
       0
       0
       0
       1
       0
       0
       0
       0
       0
       0
       1
       0
       1
       0
       0
       0
       0
       1
       0
       0
       0
       0
       0
       0
       2
       0
       0
       0
       0
       0
       0
       1
       0
       0
       0
       0
       0
       0
       0
       0
       0
       0
       1
       0
       0
       0
       1
$ROI:
2
27 56
144 180
$PRESETS:
None
0
0
$ENER_FIT:
0.000000 0.000000
$MCA_CAL:
3
0.000000E+000 0.000000E+000 0.000000E+000 
$SHAPE_CAL:
3
0.000000E+000 0.000000E+000 0.000000E+000
