$SPEC_ID:
No sample description was entered.
$SPEC_REM:
DET# 1
DETDESC# SPACESCIENCE4 digiBASE-RH SN 15121435
AP# Maestro Version 7.01
$DATE_MEA:
09/30/2024 15:44:56
$MEAS_TIM:
199 200
$DATA:
0 1023
       0
       0
       0
       0
       0
     394
    1234
     761
     573
     550
     630
     812
    1027
    1309
    1453
    1608
    1596
    1380
    1228
     981
     742
     629
     542
     532
     490
     504
     572
     493
     564
     549
     517
     620
     573
     609
     714
     628
     693
     698
     673
     716
     737
     791
     755
     759
     771
     770
     712
     778
     793
     842
     762
     835
     837
     780
     837
     854
     928
     859
     889
     842
     845
     886
     897
     842
     861
     863
     863
     857
     839
     822
     843
     851
     866
     886
     800
     887
     846
     857
     827
     944
     898
     922
     955
     853
     880
     962
     869
     878
     938
     923
     963
     910
     873
     917
     920
     885
     881
     881
     830
     882
     856
     880
     784
     822
     818
     850
     842
     826
     739
     793
     759
     771
     759
     752
     739
     729
     758
     739
     734
     684
     650
     627
     685
     694
     619
     636
     621
     623
     629
     640
     607
     595
     590
     523
     576
     544
     556
     542
     534
     548
     525
     560
     511
     516
     486
     494
     540
     480
     453
     474
     455
     486
     496
     435
     461
     422
     478
     467
     494
     481
     417
     451
     459
     429
     464
     463
     431
     432
     443
     417
     446
     420
     433
     481
     412
     436
     442
     459
     436
     444
     443
     439
     426
     427
     368
     415
     418
     423
     383
     389
     350
     374
     378
     322
     370
     370
     353
     319
     308
     315
     281
     279
     277
     281
     237
     242
     252
     226
     226
     203
     193
     191
     215
     202
     162
     163
     151
     140
     150
     133
     132
     128
     114
     128
     125
     114
      92
      99
      83
     107
     124
     107
      95
     105
     115
      88
      94
     102
      98
      92
      78
     107
     110
     108
     111
     122
     116
     110
     133
     137
     140
     147
     161
     161
     174
     215
     200
     238
     260
     266
     290
     297
     354
     340
     397
     421
     467
     494
     505
     541
     629
     611
     669
     713
     766
     774
     804
     834
     885
     925
     911
     984
     980
    1005
     979
    1055
    1005
    1040
    1023
     993
    1016
     990
    1028
     926
     885
     900
     784
     874
     805
     755
     744
     714
     728
     627
     566
     523
     500
     518
     490
     450
     411
     358
     356
     335
     311
     259
     302
     281
     259
     235
     204
     203
     185
     176
     161
     160
     169
     129
     130
     125
     128
     111
     113
     117
      95
      97
     100
      92
      63
      74
      92
      72
      76
      79
      72
      64
      60
      58
      55
      48
      41
      44
      37
      49
      34
      49
      34
      39
      20
      26
      23
      21
      31
      27
      30
      22
      26
      17
      27
      20
      25
      15
      16
      10
      23
      16
      10
      17
      11
       9
      10
       8
       8
       8
      12
      15
       8
      11
      11
       7
      11
       7
       4
       6
      10
       9
       5
       3
       0
       1
       4
      10
       3
       3
       6
       2
       2
       6
       2
       2
       2
       3
       4
       1
       0
       4
       2
       1
       2
       3
       3
       3
       2
       1
       8
       2
       1
       0
       3
       5
       2
       4
       3
       7
       4
       3
       4
       0
       5
       5
       3
       3
       2
       0
       4
       2
       2
       3
       7
       3
       3
       1
       1
       1
       2
       1
       4
       5
       4
       3
       4
       2
       1
       4
       0
       1
       3
       6
       1
       0
       2
       1
       5
       2
       3
       2
       1
       2
       4
       2
       5
       1
       2
       4
       4
       2
       3
       3
       3
       1
       2
       2
       5
       2
       1
       2
       4
       3
       0
       1
       2
       3
       2
       3
       3
       2
       1
       3
       0
       4
       2
       2
       1
       2
       2
       0
       4
       3
       3
       1
       3
       1
       1
       2
       1
       1
       1
       0
       0
       1
       1
       2
       3
       1
       2
       1
       2
       1
       2
       5
       3
       0
       0
       1
       0
       1
       1
       2
       3
       1
       1
       2
       4
       2
       0
       2
       3
       2
       4
       1
       3
       1
       2
       1
       0
       3
       4
       1
       0
       1
       2
       1
       3
       1
       1
       3
       1
       0
       1
       1
       4
       1
       3
       1
       1
       1
       2
       1
       0
       0
       2
       2
       2
       5
       0
       2
       4
       0
       4
       1
       1
       0
       1
       3
       1
       1
       2
       2
       4
       2
       2
       4
       2
       1
       4
       3
       3
       2
       1
       1
       1
       2
       1
       3
       1
       2
       0
       2
       1
       2
       1
       4
       0
       1
       3
       1
       1
       1
       2
       2
       1
       2
       0
       1
       2
       0
       0
       0
       0
       0
       1
       2
       2
       1
       1
       0
       0
       0
       3
       2
       1
       2
       2
       0
       2
       1
       0
       2
       0
       2
       1
       0
       1
       1
       1
       1
       1
       0
       0
       2
       1
       0
       2
       3
       0
       0
       1
       1
       1
       0
       1
       1
       0
       0
       0
       0
       0
       1
       0
       1
       0
       1
       0
       1
       0
       1
       1
       2
       1
       1
       1
       0
       0
       1
       1
       0
       0
       3
       2
       1
       3
       0
       1
       0
       0
       0
       4
       2
       0
       0
       2
       1
       1
       1
       0
       1
       1
       2
       0
       0
       0
       2
       1
       0
       0
       1
       0
       0
       0
       0
       0
       1
       1
       0
       0
       0
       0
       0
       1
       0
       0
       0
       0
       0
       1
       1
       0
       0
       1
       0
       0
       0
       2
       0
       0
       1
       2
       1
       0
       1
       1
       1
       1
       1
       1
       1
       1
       0
       1
       1
       0
       1
       1
       0
       1
       2
       0
       0
       0
       0
       1
       0
       0
       0
       1
       1
       1
       0
       0
       0
       0
       0
       0
       0
       1
       0
       0
       0
       0
       1
       0
       0
       0
       0
       0
       1
       1
       0
       0
       1
       0
       0
       0
       0
       0
       0
       0
       0
       0
       0
       0
       0
       0
       0
       0
       0
       0
       0
       0
       0
       1
       0
       0
       0
       0
       1
       0
       0
       0
       0
       0
       0
       0
       0
       0
       0
       0
       0
       0
       0
       1
       0
       1
       0
       0
       1
       1
       1
       2
       1
       0
       0
       1
       0
       0
       0
       1
       0
       0
       1
       0
       0
       0
       0
       0
       1
       0
       0
       0
       0
       0
       0
       0
       0
       0
       1
       0
       0
       1
       1
       0
       0
       0
       1
       0
       0
       0
       0
       0
       0
       1
       0
       0
       1
       0
       0
       0
       0
       1
       1
       0
       0
       0
       0
       0
       0
       0
       1
       0
       0
       0
       0
       1
       0
       0
       0
       0
       0
       0
       0
       0
       0
       0
       0
       0
       0
       0
       0
       0
       2
       2
       0
       0
       0
       0
       0
       0
       0
       0
       0
       0
       0
       0
       0
       0
       0
       0
       0
       0
       0
       0
       0
       0
       0
       0
       0
       1
       0
       0
       1
       0
       0
       1
       0
       0
       1
       0
       0
       1
       0
       1
       0
       0
       0
       0
       0
       0
       1
       0
       0
       0
       1
       0
       0
       0
       1
       0
       0
       0
       1
       0
       0
       0
       0
$ROI:
1
253 337
$PRESETS:
None
0
0
$ENER_FIT:
0.000000 2.300551
$MCA_CAL:
3
0.000000E+000 2.300551E+000 0.000000E+000 keV
$SHAPE_CAL:
3
3.477182E+001 0.000000E+000 0.000000E+000
