$SPEC_ID:
No sample description was entered.
$SPEC_REM:
DET# 1
DETDESC# SPACESCIENCE4 digiBASE-RH SN 15121435
AP# Maestro Version 7.01
$DATE_MEA:
09/30/2024 15:36:18
$MEAS_TIM:
199 200
$DATA:
0 1023
       0
       0
       0
       0
       0
     400
    1245
     781
     563
     560
     605
     781
    1052
    1341
    1603
    1847
    1750
    1565
    1297
     958
     853
     670
     581
     553
     487
     500
     543
     532
     558
     593
     615
     588
     625
     639
     675
     652
     708
     693
     723
     772
     790
     780
     820
     817
     776
     775
     843
     809
     809
     840
     850
     839
     876
     897
     880
     839
     899
     898
     851
     813
     884
     863
     933
     861
     918
     869
     921
     866
     875
     856
     956
     833
     855
     831
     841
     867
     865
     878
     904
     856
     893
     913
     931
     925
     989
     881
     944
     918
    1015
     872
     900
     929
     883
     937
     937
     873
     931
     876
     860
     844
     833
     814
     816
     793
     778
     815
     782
     784
     774
     764
     723
     749
     768
     750
     743
     721
     712
     660
     641
     692
     629
     728
     645
     630
     609
     649
     630
     606
     634
     582
     650
     593
     558
     604
     538
     527
     537
     532
     532
     565
     528
     505
     509
     510
     513
     504
     512
     500
     471
     482
     504
     471
     447
     483
     492
     453
     484
     467
     464
     471
     462
     425
     455
     439
     417
     432
     416
     429
     412
     460
     422
     383
     412
     405
     444
     439
     403
     426
     388
     400
     409
     419
     395
     405
     402
     412
     394
     379
     383
     381
     383
     373
     410
     341
     329
     372
     308
     315
     338
     331
     279
     283
     289
     245
     252
     266
     229
     248
     258
     211
     210
     215
     211
     199
     216
     162
     154
     147
     164
     137
     149
     116
     130
     128
     130
     117
     108
     116
     115
     113
      94
      88
     100
     103
      89
      88
     101
      93
      81
      78
      89
      93
      81
      76
      97
     105
      91
     117
     121
     110
     111
     116
     138
     149
     157
     152
     150
     173
     232
     208
     253
     316
     340
     306
     347
     359
     399
     456
     453
     514
     536
     625
     629
     685
     692
     758
     765
     806
     881
     921
     954
     973
     949
     924
     978
    1039
    1040
     984
    1046
     980
    1015
     936
     918
     949
     931
     907
     869
     796
     844
     751
     691
     688
     676
     582
     606
     591
     561
     501
     466
     454
     440
     367
     359
     326
     337
     283
     287
     276
     251
     279
     228
     217
     207
     190
     176
     177
     183
     176
     144
     136
     135
     133
     136
     131
      96
     107
     112
      84
      88
      95
      82
      61
     100
      78
      74
      66
      54
      56
      54
      46
      49
      47
      30
      25
      35
      46
      51
      38
      35
      33
      25
      33
      34
      17
      26
      33
      20
      25
      18
      16
      19
      17
      19
      18
      18
      18
      12
      10
      19
      10
      17
      16
       9
       9
       9
      12
       5
      10
       9
       7
       8
       5
       6
       6
       5
       4
       8
       4
       4
       5
       7
      10
       6
       3
       6
       3
       2
       9
       3
       7
       4
       6
       4
       6
       4
       6
       2
       3
       0
       1
       5
       4
       1
       5
       1
       6
       2
       3
       1
       2
       4
       2
       1
       1
       1
       3
       2
       2
       0
       2
       3
       2
       1
       1
       2
       3
       3
       3
       3
       3
       1
       4
       1
       5
       3
       2
       0
       1
       2
       2
       2
       5
       4
       5
       3
       1
       4
       3
       2
       2
       1
       2
       4
       3
       3
       3
       1
       0
       4
       2
       2
       0
       2
       4
       4
       1
       1
       3
       1
       4
       5
       3
       3
       3
       3
       3
       1
       4
       0
       1
       1
       1
       5
       3
       3
       3
       1
       1
       3
       1
       2
       1
       1
       2
       1
       1
       3
       0
       2
       1
       1
       1
       2
       1
       1
       3
       3
       1
       1
       3
       0
       1
       1
       0
       3
       2
       0
       1
       0
       3
       2
       0
       2
       0
       1
       1
       0
       1
       6
       0
       0
       2
       1
       3
       2
       2
       3
       3
       3
       0
       0
       0
       1
       2
       4
       0
       2
       3
       0
       0
       0
       1
       1
       0
       1
       1
       1
       0
       0
       0
       1
       0
       1
       4
       1
       3
       1
       3
       4
       1
       0
       2
       1
       4
       1
       3
       3
       1
       2
       2
       3
       2
       0
       5
       3
       1
       1
       1
       2
       1
       3
       5
       0
       0
       2
       0
       3
       0
       3
       1
       1
       1
       0
       0
       1
       1
       2
       3
       1
       1
       1
       1
       4
       1
       0
       4
       2
       1
       3
       0
       1
       0
       0
       1
       2
       0
       2
       0
       1
       2
       1
       0
       0
       0
       2
       2
       0
       0
       1
       0
       1
       0
       2
       0
       1
       0
       0
       0
       2
       0
       1
       2
       1
       1
       1
       1
       0
       0
       1
       2
       1
       1
       0
       0
       1
       0
       0
       1
       2
       2
       0
       1
       1
       1
       0
       0
       2
       0
       0
       1
       0
       1
       0
       0
       0
       1
       0
       0
       0
       0
       2
       1
       0
       1
       2
       0
       1
       1
       1
       0
       1
       0
       0
       2
       1
       1
       0
       1
       0
       1
       0
       1
       1
       1
       1
       0
       0
       0
       0
       0
       0
       0
       1
       1
       0
       1
       1
       0
       0
       1
       0
       1
       0
       0
       0
       1
       2
       0
       1
       0
       2
       0
       0
       0
       0
       0
       0
       1
       1
       1
       3
       0
       0
       0
       0
       1
       1
       0
       2
       1
       1
       0
       1
       0
       1
       0
       1
       1
       0
       0
       1
       0
       1
       2
       0
       0
       1
       0
       0
       1
       1
       0
       0
       0
       2
       0
       1
       1
       0
       0
       0
       0
       0
       0
       1
       0
       1
       1
       0
       1
       0
       0
       0
       1
       0
       0
       0
       0
       0
       1
       0
       0
       1
       1
       1
       1
       0
       0
       0
       0
       1
       0
       0
       1
       0
       0
       0
       0
       0
       0
       1
       0
       0
       1
       0
       1
       0
       0
       0
       0
       0
       0
       0
       0
       0
       0
       0
       1
       1
       0
       0
       0
       0
       0
       0
       1
       1
       0
       0
       0
       0
       0
       0
       1
       0
       0
       0
       0
       0
       1
       0
       0
       1
       0
       0
       0
       0
       0
       0
       0
       0
       0
       1
       0
       0
       0
       0
       0
       0
       0
       0
       0
       2
       1
       0
       0
       0
       1
       0
       0
       1
       0
       0
       0
       0
       2
       0
       0
       0
       0
       0
       0
       0
       0
       0
       0
       0
       0
       0
       0
       0
       0
       0
       1
       0
       1
       0
       0
       0
       0
       0
       0
       0
       1
       0
       0
       0
       0
       0
       0
       1
       0
       1
       0
       0
       0
       0
       0
       0
       1
       0
       1
       0
       1
       0
       0
       0
       0
       0
       1
       0
       0
       1
       0
       0
       0
       0
       0
       0
       0
       0
       0
       0
       0
       0
       0
       0
       1
       0
       0
       0
       0
       0
       0
       0
       0
       0
       0
       0
       0
       0
       0
       0
       1
       0
       0
       0
       0
       0
       0
       0
       0
       0
       0
$ROI:
0
$PRESETS:
None
0
0
$ENER_FIT:
0.000000 0.000000
$MCA_CAL:
3
0.000000E+000 0.000000E+000 0.000000E+000 
$SHAPE_CAL:
3
0.000000E+000 0.000000E+000 0.000000E+000
