$SPEC_ID:
No sample description was entered.
$SPEC_REM:
DET# 1
DETDESC# SPACESCIENCE4 digiBASE-RH SN 15121435
AP# Maestro Version 7.01
$DATE_MEA:
09/30/2024 15:53:29
$MEAS_TIM:
199 200
$DATA:
0 1023
       0
       0
       0
       0
       0
     573
    1648
    1110
     856
     893
    1043
    1331
    1743
    2020
    2166
    2114
    1970
    1684
    1314
    1077
     858
     749
     675
     669
     658
     695
     652
     637
     694
     722
     775
     803
     790
     782
     792
     916
     897
     900
     925
     903
     919
     984
     916
    1016
    1040
     942
    1044
    1014
    1019
    1058
    1041
    1056
    1044
    1071
    1048
    1081
    1087
    1093
    1092
    1098
    1065
    1063
    1171
    1145
    1034
    1090
    1051
    1055
    1121
    1057
    1153
    1104
    1085
    1116
    1091
    1100
    1134
    1116
    1081
    1208
    1139
    1179
    1177
    1186
    1202
    1207
    1204
    1253
    1229
    1218
    1195
    1243
    1229
    1239
    1116
    1157
    1228
    1228
    1134
    1138
    1216
    1114
    1097
    1110
    1160
    1100
    1090
    1136
    1081
    1034
    1073
     962
    1074
    1009
     978
    1050
     923
     979
     925
     964
     912
     887
     887
     945
     843
     832
     837
     824
     850
     813
     821
     766
     784
     815
     789
     751
     810
     768
     740
     732
     666
     728
     711
     724
     686
     669
     686
     660
     653
     682
     686
     703
     618
     659
     659
     677
     661
     667
     636
     596
     628
     656
     612
     620
     645
     620
     612
     617
     600
     570
     667
     590
     669
     570
     591
     579
     607
     554
     575
     530
     612
     527
     525
     587
     571
     530
     530
     474
     482
     507
     470
     489
     443
     438
     457
     424
     395
     382
     403
     371
     382
     376
     358
     312
     343
     276
     283
     254
     239
     230
     242
     240
     231
     235
     212
     226
     205
     188
     159
     186
     193
     181
     187
     172
     156
     144
     133
     160
     143
     148
     144
     151
     155
     123
     160
     157
     155
     153
     157
     150
     171
     145
     150
     167
     160
     190
     177
     188
     190
     248
     215
     258
     247
     264
     296
     350
     359
     374
     422
     466
     501
     519
     534
     576
     602
     683
     642
     760
     690
     852
     855
     933
     958
     982
    1002
    1105
    1110
    1136
    1181
    1271
    1294
    1280
    1216
    1275
    1319
    1300
    1357
    1335
    1335
    1311
    1270
    1243
    1268
    1251
    1239
    1140
    1124
    1102
    1036
    1018
     932
     926
     895
     879
     820
     759
     768
     686
     653
     603
     586
     586
     528
     491
     497
     455
     382
     391
     382
     388
     389
     357
     300
     296
     282
     283
     260
     248
     245
     211
     219
     169
     205
     200
     166
     172
     166
     168
     164
     127
     135
     130
     122
     118
     125
     101
     105
     104
      93
      90
      85
      97
      85
      75
      82
      56
      66
      74
      60
      54
      55
      50
      48
      49
      38
      41
      43
      62
      51
      34
      31
      21
      28
      27
      25
      22
      37
      14
      14
      26
      24
      22
      16
      16
      24
       9
      20
      11
      13
      14
       9
      15
      11
      19
       8
      10
       6
       7
       7
      12
       5
       8
       8
       5
       4
       2
       4
       4
       4
       5
       4
       7
       2
       2
       4
       2
       2
       7
       3
       4
       2
       3
       5
       2
       3
       2
       8
       2
       2
       5
       3
       1
       3
       4
       2
       3
       1
       5
       3
       3
       5
       4
       2
       1
       1
       2
       2
       2
       2
       4
       2
       4
       4
       2
       4
       5
       2
       3
       5
       1
       2
       4
       2
       0
       1
       1
       2
       2
       1
       1
       2
       5
       2
       4
       4
       3
       2
       2
       2
       2
       0
       2
       2
       3
       0
       1
       3
       2
       2
       5
       1
       2
       1
       1
       6
       2
       1
       0
       1
       2
       1
       4
       4
       3
       0
       2
       0
       4
       2
       1
       4
       1
       2
       2
       4
       2
       0
       6
       1
       2
       2
       2
       1
       0
       2
       0
       0
       2
       1
       4
       0
       1
       2
       2
       1
       1
       3
       2
       2
       4
       5
       2
       1
       2
       3
       3
       4
       3
       2
       1
       0
       2
       2
       2
       3
       1
       0
       1
       3
       3
       3
       0
       0
       1
       2
       4
       0
       2
       1
       0
       1
       1
       2
       3
       0
       0
       3
       2
       2
       3
       0
       2
       0
       3
       0
       1
       1
       1
       1
       2
       1
       0
       0
       1
       2
       2
       1
       2
       4
       0
       1
       1
       0
       3
       2
       1
       1
       3
       0
       3
       1
       4
       0
       1
       2
       3
       2
       1
       1
       6
       2
       3
       3
       3
       2
       1
       3
       2
       1
       3
       2
       1
       0
       2
       1
       2
       4
       0
       2
       1
       0
       0
       1
       3
       0
       1
       1
       0
       2
       1
       1
       2
       1
       1
       1
       1
       1
       3
       1
       0
       2
       1
       2
       1
       0
       1
       1
       2
       4
       1
       0
       2
       2
       1
       3
       1
       1
       0
       0
       2
       2
       0
       2
       0
       3
       0
       2
       1
       0
       2
       1
       1
       0
       1
       0
       2
       1
       0
       2
       0
       1
       2
       2
       2
       1
       0
       1
       0
       2
       0
       0
       0
       1
       0
       0
       0
       1
       1
       1
       0
       2
       0
       1
       0
       0
       0
       0
       0
       0
       0
       1
       0
       1
       0
       0
       2
       0
       0
       2
       1
       0
       0
       2
       0
       1
       0
       0
       1
       0
       1
       1
       1
       0
       1
       1
       0
       0
       1
       0
       0
       0
       0
       1
       0
       0
       0
       0
       0
       1
       0
       2
       1
       0
       0
       1
       0
       0
       2
       0
       1
       2
       0
       0
       2
       0
       1
       0
       0
       1
       1
       0
       2
       0
       1
       0
       1
       1
       0
       0
       0
       0
       1
       1
       0
       0
       0
       0
       0
       0
       0
       1
       0
       0
       0
       0
       0
       0
       0
       0
       0
       0
       1
       0
       1
       0
       0
       0
       0
       0
       0
       0
       0
       2
       0
       0
       0
       3
       2
       0
       1
       0
       1
       0
       0
       0
       1
       0
       2
       0
       1
       0
       0
       0
       0
       0
       0
       0
       1
       0
       0
       0
       1
       0
       0
       0
       0
       1
       1
       1
       0
       0
       0
       1
       0
       0
       1
       0
       1
       0
       1
       0
       1
       0
       0
       0
       0
       0
       0
       1
       0
       0
       1
       0
       0
       1
       0
       2
       0
       1
       2
       0
       0
       1
       1
       0
       0
       0
       1
       0
       0
       0
       1
       0
       1
       0
       0
       0
       0
       0
       0
       0
       0
       0
       0
       0
       0
       0
       0
       1
       1
       0
       0
       0
       0
       1
       0
       0
       0
       1
       1
       0
       0
       0
       0
       0
       0
       0
       0
       1
       0
       0
       0
       0
       0
       0
       0
       0
       0
       0
       0
       0
       1
       0
       0
       0
       0
       0
       0
       0
       0
       0
       0
       0
       1
       0
       1
       0
       0
       0
       0
       0
       0
       0
       0
       0
       0
       1
       0
       1
       0
       0
       0
       0
       0
       1
       0
       0
       0
       0
       0
       0
       0
       0
       0
       0
       1
       0
       0
       1
       0
       0
       0
       0
       0
       0
       0
       0
       0
       0
       0
       0
       0
       0
       0
$ROI:
1
253 337
$PRESETS:
None
0
0
$ENER_FIT:
0.000000 2.300551
$MCA_CAL:
3
0.000000E+000 2.300551E+000 0.000000E+000 keV
$SHAPE_CAL:
3
3.477182E+001 0.000000E+000 0.000000E+000
