$SPEC_ID:
No sample description was entered.
$SPEC_REM:
DET# 1
DETDESC# SPACESCIENCE4 digiBASE-RH SN 15121435
AP# Maestro Version 7.01
$DATE_MEA:
09/30/2024 15:49:25
$MEAS_TIM:
200 201
$DATA:
0 1023
       0
       0
       0
       0
       0
     479
    1408
     966
     700
     659
     717
    1010
    1188
    1502
    1631
    1692
    1559
    1389
    1157
     944
     792
     671
     588
     545
     558
     591
     604
     597
     612
     642
     638
     694
     727
     735
     740
     743
     765
     795
     752
     815
     810
     773
     852
     863
     821
     898
     861
     888
     905
     933
     892
     864
     918
     935
     903
     920
     947
     901
     956
     971
     937
     935
    1034
     961
     938
     953
     945
     924
     936
    1019
     892
     934
     996
     904
     954
     982
     985
     984
     978
    1017
     981
    1033
    1033
    1003
     969
    1013
     990
    1013
    1094
    1057
    1040
    1014
    1053
    1064
    1030
    1016
     983
    1009
     976
     990
    1001
    1004
     952
     900
     927
     903
     903
     934
     812
     879
     927
     896
     835
     823
     766
     810
     804
     784
     802
     844
     726
     783
     709
     769
     736
     720
     722
     719
     701
     667
     645
     674
     624
     692
     687
     614
     627
     603
     636
     628
     635
     591
     589
     591
     569
     582
     546
     543
     557
     545
     529
     515
     556
     544
     553
     554
     561
     526
     524
     536
     514
     551
     541
     516
     532
     532
     520
     511
     535
     489
     509
     506
     491
     496
     476
     447
     494
     506
     478
     480
     471
     474
     512
     444
     462
     473
     392
     464
     398
     395
     447
     433
     422
     390
     373
     393
     361
     329
     357
     341
     319
     302
     319
     259
     296
     259
     263
     264
     258
     225
     227
     226
     209
     180
     183
     218
     186
     161
     152
     152
     138
     153
     157
     166
     131
     140
     137
     111
     130
     122
     105
     122
     124
     113
      93
     118
     108
     113
     104
     114
     117
     106
     120
     130
     135
     138
     141
     166
     158
     182
     192
     177
     196
     204
     203
     245
     233
     303
     323
     326
     394
     410
     420
     430
     521
     460
     596
     612
     670
     655
     712
     769
     795
     844
     921
     925
     954
    1002
    1001
    1086
    1091
    1078
    1125
    1078
    1170
    1153
    1217
    1185
    1151
    1092
    1101
    1086
     980
    1043
     991
     992
     952
     896
     893
     843
     828
     760
     683
     668
     622
     580
     611
     566
     524
     485
     450
     447
     411
     384
     368
     339
     317
     327
     278
     279
     253
     236
     226
     239
     195
     207
     190
     155
     177
     158
     170
     166
     128
     137
     130
     103
      91
     101
      85
     106
      92
      91
      74
      60
      63
      78
      87
      74
      67
      66
      52
      45
      46
      56
      33
      40
      44
      39
      28
      28
      32
      31
      34
      27
      32
      23
      22
      33
      22
      26
      26
      12
      14
      24
      17
      15
      17
      16
      12
      17
       9
      19
      15
      13
      14
      17
       8
       9
       7
       8
       3
       9
      11
       5
       3
       7
       9
       3
       5
       4
       8
       2
       5
       4
       4
       4
       7
       4
       3
       3
       5
       3
       5
       5
       1
       3
       5
       2
       3
       2
       5
       3
       4
       4
       3
       7
       3
       2
       1
       4
       4
       1
       3
       2
       2
       2
       3
       0
       1
       2
       3
       4
       5
       1
       0
       1
       1
       3
       3
       1
       3
       6
       2
       4
       3
       3
       2
       3
       1
       3
       6
       3
       1
       4
       3
       3
       1
       2
       2
       2
       1
       1
       2
       0
       2
       4
       0
       3
       2
       2
       3
       1
       6
       2
       6
       4
       3
       1
       0
       2
       0
       2
       0
       0
       2
       2
       2
       1
       3
       5
       3
       3
       0
       4
       4
       1
       5
       1
       1
       1
       3
       1
       1
       1
       3
       1
       0
       0
       3
       1
       0
       3
       4
       1
       2
       2
       2
       0
       2
       2
       1
       4
       1
       4
       2
       5
       3
       2
       2
       3
       4
       2
       0
       1
       1
       2
       0
       0
       0
       1
       1
       2
       0
       3
       2
       3
       0
       3
       0
       4
       0
       2
       3
       0
       1
       4
       1
       0
       0
       2
       1
       0
       2
       1
       0
       0
       0
       3
       3
       1
       1
       0
       0
       0
       2
       2
       1
       2
       0
       1
       1
       3
       3
       4
       2
       0
       1
       6
       3
       3
       1
       1
       1
       2
       0
       5
       0
       2
       1
       3
       0
       1
       4
       1
       0
       1
       3
       1
       3
       1
       5
       1
       2
       0
       3
       0
       0
       0
       1
       3
       5
       4
       3
       0
       3
       1
       4
       1
       1
       1
       1
       2
       0
       1
       3
       0
       1
       2
       1
       4
       3
       0
       2
       0
       0
       0
       0
       2
       2
       2
       0
       0
       3
       1
       2
       4
       1
       0
       0
       2
       0
       0
       2
       3
       1
       2
       2
       0
       1
       1
       0
       0
       0
       2
       2
       0
       2
       2
       0
       1
       0
       1
       0
       0
       0
       0
       0
       2
       0
       1
       2
       0
       1
       0
       1
       1
       1
       1
       0
       2
       0
       2
       1
       0
       2
       0
       1
       0
       2
       1
       1
       0
       0
       1
       1
       0
       0
       1
       0
       1
       1
       0
       0
       0
       0
       2
       0
       2
       2
       1
       0
       0
       1
       1
       1
       0
       0
       0
       1
       0
       1
       0
       0
       0
       0
       1
       0
       1
       0
       0
       0
       1
       2
       0
       2
       0
       0
       0
       0
       0
       2
       0
       0
       0
       0
       0
       0
       0
       0
       1
       0
       0
       0
       0
       0
       0
       0
       0
       0
       0
       0
       0
       1
       1
       1
       1
       0
       2
       0
       0
       0
       0
       0
       0
       0
       0
       0
       0
       2
       0
       1
       0
       1
       0
       0
       0
       0
       0
       0
       1
       0
       0
       0
       0
       0
       0
       1
       0
       0
       0
       0
       1
       0
       1
       0
       0
       0
       0
       0
       0
       0
       0
       0
       0
       0
       0
       0
       3
       0
       0
       0
       0
       1
       0
       0
       0
       0
       1
       0
       1
       1
       0
       0
       0
       1
       0
       0
       1
       0
       1
       1
       0
       2
       0
       0
       0
       0
       0
       0
       1
       0
       0
       1
       0
       1
       0
       0
       0
       0
       1
       0
       0
       0
       1
       1
       1
       1
       1
       0
       0
       0
       0
       1
       0
       0
       0
       0
       0
       0
       1
       0
       0
       0
       1
       0
       0
       0
       1
       0
       0
       0
       0
       0
       1
       0
       0
       0
       0
       0
       1
       0
       0
       0
       0
       2
       1
       0
       0
       0
       1
       0
       0
       0
       0
       0
       0
       0
       0
       0
       1
       0
       0
       0
       1
       0
       0
       0
       0
       2
       0
       0
       0
       0
       0
       0
       0
       0
       0
       1
       0
       0
       0
       0
       0
       0
       0
       0
       0
       0
       0
       0
       0
       0
       0
       0
       1
       0
       0
       0
       0
       0
       0
       0
       0
       1
       1
       0
       0
       0
       0
       0
       0
       0
       0
       0
       0
       0
       0
       0
       0
       1
       0
       0
       0
       0
       0
       0
       0
       0
       0
       0
       0
       0
       0
$ROI:
1
253 337
$PRESETS:
None
0
0
$ENER_FIT:
0.000000 2.300551
$MCA_CAL:
3
0.000000E+000 2.300551E+000 0.000000E+000 keV
$SHAPE_CAL:
3
3.477182E+001 0.000000E+000 0.000000E+000
