$SPEC_ID:
No sample description was entered.
$SPEC_REM:
DET# 1
DETDESC# SPACESCIENCE4 digiBASE-RH SN 15121435
AP# Maestro Version 7.01
$DATE_MEA:
09/30/2024 15:07:13
$MEAS_TIM:
600 600
$DATA:
0 1023
       0
       0
       0
       0
       0
     214
     591
     369
     201
     167
     185
     223
     284
     265
     264
     286
     254
     224
     174
     166
     190
     186
     199
     181
     205
     227
     244
     264
     309
     329
     327
     364
     340
     387
     375
     428
     449
     434
     435
     481
     508
     444
     423
     457
     453
     465
     463
     465
     446
     443
     443
     451
     433
     418
     393
     435
     380
     418
     438
     388
     397
     394
     381
     375
     364
     386
     328
     347
     325
     309
     324
     285
     307
     331
     319
     263
     275
     263
     266
     265
     296
     259
     236
     247
     246
     232
     224
     234
     217
     245
     235
     220
     236
     179
     204
     185
     198
     190
     203
     181
     179
     180
     173
     170
     179
     199
     154
     159
     153
     170
     158
     160
     134
     156
     113
     146
     129
     142
     166
     110
     133
     123
     113
     118
     116
      99
      97
     106
     110
     110
     110
     102
     100
     110
     114
      93
      97
      80
     104
      98
      93
      96
      86
      84
      83
      77
      87
      88
      71
      78
      83
      80
      97
      87
      80
      79
      84
      77
      72
      77
      65
      68
      58
      68
      56
      59
      60
      62
      58
      55
      51
      47
      47
      53
      52
      65
      42
      54
      51
      55
      57
      47
      36
      45
      38
      44
      45
      41
      53
      43
      49
      39
      43
      39
      42
      40
      43
      28
      42
      43
      43
      38
      37
      31
      26
      44
      37
      34
      35
      33
      38
      40
      41
      36
      31
      49
      43
      39
      32
      34
      33
      37
      36
      39
      39
      20
      24
      32
      33
      31
      17
      25
      34
      34
      25
      40
      27
      33
      30
      29
      19
      30
      27
      32
      28
      33
      36
      33
      28
      33
      34
      42
      28
      23
      32
      37
      33
      31
      27
      36
      21
      27
      38
      23
      22
      34
      35
      25
      24
      23
      29
      28
      23
      30
      23
      25
      24
      30
      19
      24
      22
      28
      23
      20
      23
      20
      24
      19
      15
      23
      21
      25
      20
      17
      17
      13
      16
      21
      22
      18
      17
      17
      19
      17
      20
      23
      30
      13
      17
      16
      18
      21
      24
      23
      17
      21
      16
      19
      19
      20
      15
      19
      13
      20
      17
      20
      16
      20
      17
      15
      16
      12
      22
      21
      21
      21
      29
      16
      21
      13
      20
      20
      18
      12
      15
      18
      18
      18
      22
      17
      13
      10
      17
      18
      20
      17
       9
      11
      12
      13
      21
      14
      12
      16
      21
      22
      21
      16
      12
      20
      17
      13
      15
      15
      19
      15
      11
      15
       9
      16
      17
      19
      12
      13
      18
      13
      14
      28
      19
      21
       9
       9
      15
      16
      13
      14
      19
      15
      19
      18
      14
      21
      18
      13
      15
      19
      14
      20
      18
      13
      14
      23
      12
      17
      13
      20
      16
      16
      15
      13
      18
       8
      10
      11
      16
      12
      21
      18
      13
      12
      14
      18
       7
      14
      11
      13
      16
       8
      14
      12
      14
       9
      16
       9
      10
       9
      15
      14
      12
      17
      19
      10
      11
      10
      15
      11
      10
      13
      13
      12
      12
      22
      13
      12
      18
      18
      12
       8
      12
      18
      14
      13
      14
       7
      13
      18
      13
      20
      23
       9
      19
       9
      16
      13
      15
       8
      10
      17
      20
      13
      16
      15
      12
      14
      14
      23
      16
      14
      12
      14
      20
       7
      15
      18
      18
      18
      15
      14
      17
      18
      11
       9
      24
      14
      16
      15
      11
      10
      18
      12
       7
       7
      13
       9
      10
      12
       6
      12
      12
       9
      15
       5
       9
      14
      11
       8
       9
      10
       7
      10
       8
      11
      12
      13
       8
      14
       8
      10
       7
      14
      12
      15
      15
      14
      13
      17
      11
       4
      16
       8
      10
      17
      14
      15
      11
      11
      11
       6
      12
       9
      12
       5
       5
      12
      10
      14
       5
       6
      11
      12
       6
      11
       8
      12
      13
       6
       9
      10
      10
       6
       7
       8
       8
       9
       7
       3
       7
       9
      12
       7
       4
       6
       8
       8
       5
       9
       7
       7
      10
      12
       4
       6
      12
       7
       4
       8
       9
       6
       3
       7
       6
       6
       8
       5
       3
       5
       8
       6
       4
       5
       8
       7
       5
       2
       3
       4
       4
       5
       6
       5
       9
       4
       2
       3
       6
       5
       4
       0
       5
       5
       4
       3
       6
       6
       0
       8
       0
       5
       2
       4
       3
       1
       2
       3
       2
       3
       4
       5
       3
       4
       1
       2
       3
       5
       1
       1
       3
       2
       1
       2
       3
       6
       1
       3
       3
       1
       7
       2
       2
       1
       1
       4
       3
       3
       4
       1
       1
       3
       3
       3
       1
       1
       3
       2
       2
       2
       3
       2
       1
       1
       1
       2
       2
       2
       2
       8
       4
       6
       1
       3
       0
       3
       4
       1
       0
       1
       2
       1
       2
       2
       1
       1
       2
       0
       0
       0
       4
       2
       1
       2
       4
       2
       2
       2
       3
       0
       2
       0
       2
       3
       1
       2
       1
       2
       0
       2
       1
       2
       0
       1
       0
       1
       0
       1
       2
       1
       0
       1
       1
       0
       0
       3
       2
       3
       1
       2
       1
       1
       1
       2
       1
       0
       1
       2
       1
       0
       0
       2
       1
       3
       0
       1
       0
       2
       0
       1
       0
       0
       1
       0
       1
       1
       1
       1
       1
       0
       1
       0
       1
       1
       1
       0
       1
       1
       0
       2
       1
       1
       1
       1
       0
       1
       0
       1
       0
       1
       0
       0
       1
       0
       1
       0
       0
       1
       0
       0
       2
       1
       0
       2
       2
       4
       1
       1
       1
       1
       0
       1
       1
       4
       0
       1
       1
       1
       0
       1
       0
       0
       1
       0
       0
       1
       1
       0
       2
       1
       0
       1
       1
       0
       1
       1
       1
       1
       0
       2
       2
       1
       1
       1
       1
       0
       0
       1
       1
       1
       0
       1
       1
       2
       1
       0
       0
       0
       0
       0
       3
       0
       0
       2
       1
       0
       0
       0
       2
       2
       0
       0
       0
       1
       0
       0
       0
       0
       0
       1
       0
       0
       1
       1
       1
       1
       2
       0
       1
       0
       0
       1
       0
       0
       0
       0
       0
       1
       0
       0
       1
       0
       0
       0
       1
       1
       1
       0
       1
       1
       1
       0
       0
       0
       1
       0
       1
       0
       2
       1
       0
       0
       0
       0
       0
       1
       1
       2
       0
       1
       0
       2
       0
       1
       0
       0
       0
       0
       1
       0
       0
       0
       0
       0
       1
       0
       1
       0
       0
       0
       3
       2
       0
       0
       0
       1
       1
       0
       0
       0
       0
       0
       0
       1
       0
       0
       0
       0
       1
       2
       0
       0
       1
       1
       0
       1
       0
       1
       0
       0
       2
       0
       0
       1
       1
       0
       1
       0
$ROI:
0
$PRESETS:
None
0
0
$ENER_FIT:
0.000000 0.000000
$MCA_CAL:
3
0.000000E+000 0.000000E+000 0.000000E+000 
$SHAPE_CAL:
3
0.000000E+000 0.000000E+000 0.000000E+000
