$SPEC_ID:
No sample description was entered.
$SPEC_REM:
DET# 2
DETDESC# SPACESCIENCE8 digiBASE-RH SN 15121449
AP# Maestro Version 7.01
$DATE_MEA:
10/14/2024 16:01:13
$MEAS_TIM:
197 200
$DATA:
0 1023
       0
       0
       0
       0
       0
       0
       0
       0
       0
       0
    1458
    4960
    4518
    4171
    4128
    4927
    5914
    7760
    9923
   12713
   16137
   19214
   23056
   26131
   28543
   30232
   31237
   29914
   29343
   26585
   23866
   20475
   16810
   13686
   10586
    8032
    5811
    4268
    3068
    2085
    1547
    1055
     768
     562
     437
     384
     323
     287
     265
     239
     218
     241
     179
     200
     182
     179
     175
     170
     169
     138
     136
     146
     135
     133
     142
     125
     113
     114
     100
     111
      90
     102
     112
      95
      88
      91
      88
      72
      96
      80
      79
     104
      72
      80
      94
      63
      75
      80
      70
      76
      68
      81
      65
      70
      79
      66
      80
      72
      59
      61
      54
      55
      59
      68
      61
      59
      73
      54
      57
      55
      53
      49
      58
      68
      62
      40
      46
      53
      56
      52
      48
      38
      40
      40
      46
      48
      51
      39
      55
      46
      44
      52
      38
      46
      33
      50
      46
      37
      54
      37
      37
      43
      55
      37
      38
      43
      39
      35
      32
      29
      41
      30
      39
      29
      36
      33
      29
      35
      27
      18
      27
      29
      41
      30
      32
      26
      34
      37
      30
      39
      31
      34
      40
      36
      26
      26
      17
      30
      32
      24
      26
      22
      18
      24
      29
      15
      32
      19
      28
      25
      18
      20
      14
      25
      18
      20
      14
      23
      18
      15
      19
      19
      26
      19
      21
      18
      16
      19
      24
      15
      16
      19
      14
      25
      13
      21
      16
      15
      11
      17
      24
      23
      17
      19
      22
      15
      16
      17
      15
      17
      12
      15
      12
      16
      12
       4
      21
      14
       9
       6
      14
      11
      19
      11
      13
      11
      19
      10
       9
       6
      18
      15
      16
      17
      21
       8
      13
      17
       8
      15
       6
      11
      14
      12
       7
      14
      13
      18
      16
      13
      15
      11
       7
      10
      12
      13
      11
      13
      10
      13
      12
      10
      21
      16
      13
      12
      13
       9
       9
      21
       7
      10
      15
      15
      11
      13
      15
       8
      14
      12
      15
      12
       6
      16
      12
      11
      12
       5
       8
       6
      15
       9
      10
      17
       8
      16
      11
      16
       5
      11
      10
      16
      15
      10
      12
       6
      12
      18
       9
      11
      13
       7
       8
       9
       7
       9
      11
       4
       6
       9
      11
      10
       9
       7
       9
       9
       7
       9
       8
      16
       3
       5
       8
       9
       4
       8
       3
       5
      16
       6
       7
       2
       8
      12
       1
       6
       6
       5
       5
       8
       8
       7
       4
       5
       3
       8
       7
       6
       7
      12
       8
      12
       6
       5
       5
      12
       4
       5
       8
       6
       7
       8
       8
       6
       5
       9
       4
       4
       7
       3
       7
       4
       3
       8
       3
       3
       8
       6
       4
       5
       4
       6
       6
       4
       3
       4
      13
       6
       9
       6
       5
       3
       4
       6
       9
       7
       5
       2
      11
       4
       5
       5
       7
       8
       6
       5
       6
       8
       4
       7
       6
       3
       9
       7
       3
       1
       5
       3
       4
       2
       5
       9
       5
       3
       8
       4
       5
       8
       5
       6
       4
       5
       6
       6
       3
       8
       5
       4
       4
       5
       5
       7
       7
       7
       5
       5
       1
       3
       3
       6
       5
       5
       7
       7
       3
       5
       3
       3
       0
       4
       2
       3
       7
       7
       3
       4
       5
       2
       1
       2
       3
       6
       6
       3
       2
       8
       3
       2
       3
       3
       3
       2
       4
       6
       2
       3
       4
       6
       1
       3
       2
       1
       1
       5
       4
       2
       3
       2
       1
       3
       1
       4
       2
       1
       5
       6
       2
       1
       2
       5
       5
       1
       4
       5
       7
       6
       2
       1
       5
       0
       3
       5
       4
       7
       2
       3
       3
       1
       5
       3
       6
       6
       3
       4
       5
       5
       3
       2
       5
       5
       2
       4
       3
       5
       2
       4
       6
       3
       3
       1
       4
       3
       2
       1
       1
       1
       2
       5
       3
       3
       4
       1
       3
       5
       3
       4
       4
       0
       4
       2
       3
       0
       3
       0
       2
       6
       1
       2
       8
       3
       2
       2
       7
       2
       2
       0
       4
       3
       2
       1
       3
       3
       4
       2
       3
       2
       1
       2
       2
       4
       4
       2
       2
       0
       3
       0
       2
       1
       0
       1
       3
       5
       3
       2
       0
       1
       2
       0
       0
       5
       4
       3
       2
       4
       4
       1
       2
       3
       5
       3
       1
       1
       3
       1
       3
       2
       3
       1
       2
       2
       1
       2
       2
       1
       4
       2
       1
       4
       0
       4
       3
       3
       2
       2
       4
       2
       3
       1
       2
       2
       3
       3
       5
       1
       2
       4
       3
       2
       3
       2
       0
       2
       1
       2
       4
       0
       6
       6
       1
       2
       3
       3
       4
       5
       1
       3
       6
       5
       7
       8
       5
       7
       4
       7
       7
       5
       3
       5
       7
       4
       7
      11
       6
       5
       7
       3
       7
       4
       8
       3
       9
       5
       6
       5
       8
      10
       6
       3
       6
       7
       8
      10
       7
       8
       7
       6
       6
       7
       5
       3
       6
       2
       3
       4
       5
       3
       5
       5
       3
       3
       8
       6
       1
       1
       1
       3
       5
       2
       4
       4
       2
       3
       1
       3
       0
       1
       2
       1
       3
       0
       0
       5
       0
       1
       0
       0
       0
       1
       2
       1
       1
       3
       0
       0
       3
       1
       1
       0
       0
       2
       0
       3
       0
       0
       2
       0
       0
       0
       0
       2
       0
       0
       2
       1
       0
       0
       1
       1
       0
       1
       1
       0
       1
       1
       0
       1
       1
       1
       1
       1
       2
       0
       0
       0
       0
       3
       1
       3
       2
       1
       2
       2
       0
       1
       2
       2
       1
       1
       0
       0
       1
       0
       1
       5
       2
       2
       1
       0
       0
       2
       1
       0
       4
       3
       2
       3
       2
       2
       0
       2
       0
       2
       2
       2
       1
       0
       2
       0
       1
       3
       1
       0
       2
       4
       1
       1
       2
       2
       1
       2
       4
       3
       1
       0
       0
       4
       0
       2
       2
       0
       3
       0
       0
       0
       2
       1
       3
       0
       0
       1
       1
       4
       2
       0
       0
       1
       1
       0
       0
       1
       0
       0
       2
       1
       0
       1
       0
       1
       2
       2
       3
       2
       0
       2
       0
       1
       0
       0
       1
       2
       0
       1
       1
       0
       0
       1
       0
       2
       1
       0
       0
       0
       0
       1
       0
       0
       0
       0
       2
       0
       0
       0
       0
       1
       0
       0
       0
       0
       2
       1
       0
       0
       0
       1
       0
       0
       0
       0
       0
       1
       2
       0
       0
       1
       0
       0
       1
       1
       0
       0
       0
       1
       0
       0
       1
       0
       0
       1
       0
       0
       0
       1
       0
       0
       0
       0
       0
       0
       0
       0
       0
       2
       0
       1
$ROI:
0
$PRESETS:
Real Time
200
0
$ENER_FIT:
0.000000 0.000000
$MCA_CAL:
3
0.000000E+000 0.000000E+000 0.000000E+000 
$SHAPE_CAL:
3
0.000000E+000 0.000000E+000 0.000000E+000
