$SPEC_ID:
No sample description was entered.
$SPEC_REM:
DET# 2
DETDESC# SPACESCIENCE8 digiBASE-RH SN 15121449
AP# Maestro Version 7.01
$DATE_MEA:
10/14/2024 15:48:26
$MEAS_TIM:
198 200
$DATA:
0 1023
       0
       0
       0
       0
       0
       0
       0
       0
       0
       0
    1383
    4816
    4353
    3732
    3792
    3878
    4906
    5909
    7714
    9754
   11985
   14506
   17171
   19483
   21447
   22800
   23553
   23308
   22445
   21086
   18703
   16426
   13581
   11040
    8835
    6608
    5021
    3735
    2579
    1855
    1279
     946
     680
     497
     368
     325
     262
     243
     236
     197
     195
     196
     170
     178
     168
     155
     178
     150
     139
     144
     130
     127
     113
     132
     106
     127
      92
     124
     103
     106
     113
     102
      94
     101
      95
      86
      78
      87
      84
      82
      91
      82
      91
      64
      72
      76
      71
      84
      84
      70
      52
      71
      81
      74
      75
      67
      65
      65
      71
      63
      62
      63
      69
      47
      67
      67
      65
      69
      73
      48
      57
      53
      60
      61
      54
      69
      58
      59
      48
      58
      55
      48
      74
      47
      40
      56
      34
      42
      49
      44
      43
      37
      39
      43
      44
      42
      41
      48
      37
      42
      40
      35
      47
      35
      27
      37
      31
      43
      32
      24
      34
      40
      33
      37
      23
      26
      23
      26
      32
      40
      33
      29
      28
      36
      27
      28
      37
      35
      32
      20
      25
      29
      27
      19
      22
      27
      26
      26
      33
      32
      28
      31
      29
      22
      32
      27
      24
      24
      24
      17
      26
      17
      23
      27
      23
      18
      12
      20
      17
      20
      14
      14
      23
      20
      27
      17
      22
      23
      21
      23
      15
       4
      12
       9
      17
      21
      21
      10
      13
      19
      10
      11
      16
      13
      22
      13
      15
      14
      18
      13
       8
      16
       9
      15
      16
      17
      15
      19
      19
      19
       7
      19
      12
      10
      21
      14
      18
      12
      15
      14
      17
      14
      16
      14
      16
      19
      13
      15
      20
      16
      17
      17
      11
      12
      18
      15
      12
       8
      10
       8
       8
      13
      17
      15
      11
      12
      10
       5
      11
      11
       8
       8
      14
      17
      13
      18
      10
      11
      17
      10
      19
       8
      11
      13
      15
      16
      10
      12
      15
      14
      15
       6
      10
      12
      24
      15
      12
      12
      10
       8
      19
       7
      14
      12
       3
      11
       9
      14
       7
       7
       5
      11
       8
      14
       6
      15
      13
      15
      11
       8
       5
       6
       6
       7
       8
       4
       9
       7
       2
       9
       9
       6
       5
       5
       6
       8
       7
       8
       5
       8
       9
       2
       9
      13
       9
       7
       7
       5
       7
       6
       7
       5
       5
       9
       5
       5
       4
       8
       4
       5
      11
       4
       3
       5
       7
       5
       3
       4
       6
       5
       6
       7
      10
       4
       5
       7
      10
       8
       4
      11
       4
      10
      13
       3
       6
       1
       6
       7
       3
       3
       7
       3
       9
       3
       6
       7
       7
       8
       6
       6
       3
       9
       5
       6
       4
       9
       4
       9
       7
       5
       5
       3
       8
      10
       8
       6
       8
       4
       1
      11
       3
       4
       6
       5
      10
       2
       4
       6
       2
       3
       5
       7
       8
       4
       4
       8
       1
       4
       4
       5
       4
       8
       2
       4
       4
       8
      10
       7
       5
       6
       2
       3
       3
       4
       7
       2
       4
       6
       5
       5
       4
       9
       8
       2
       6
       6
       3
       3
       4
       5
       8
       3
       5
       5
       9
       6
      11
       7
       7
       6
       4
       4
       5
       6
       4
       5
       7
       1
       3
       5
       5
       2
       3
       9
       4
       5
       6
       5
       5
       2
       6
       4
       7
       5
       4
       2
       2
       4
       3
       3
       3
       6
       3
       4
       0
       2
       3
       2
       5
       3
       0
       6
       7
       3
       2
       4
       3
       4
       4
       1
       6
       2
       2
       3
       5
       3
       3
       1
       3
       4
       4
       3
       2
       0
       4
       7
       4
       5
       4
       2
       3
       5
       2
       2
       3
       1
       2
       5
       6
       4
       6
       0
       2
       5
       2
       6
       0
       0
       4
       6
       2
       4
       2
       4
       4
       1
       3
       6
       5
       1
       1
       3
       4
       4
       2
       4
       3
       3
       6
       2
       2
       0
       0
       3
       2
       0
       5
       4
       1
       0
       2
       3
       2
       3
       3
       4
       2
       5
       1
       2
       3
       2
       6
       4
       3
       3
       1
       2
       3
       4
       3
       1
       1
       3
       0
       1
       1
       0
       3
       0
       1
       2
       4
       1
       3
       3
       1
       4
       1
       4
       2
       3
       2
       5
       2
       2
       2
       2
       2
       0
       2
       0
       4
       2
       0
       2
       3
       3
       2
       2
       2
       4
       1
       5
       1
       2
       2
       5
       2
       3
       2
       3
       2
       1
       3
       4
       1
       3
       1
       1
       0
       3
       0
       1
       2
       2
       6
       2
       2
       2
       3
       3
       3
       7
       1
       3
       1
       5
       2
       2
       3
       5
       3
       4
       3
       3
       3
       5
       3
       4
       3
       7
       3
       7
       3
       8
       5
       5
       9
      10
       5
       4
       8
       9
       5
       7
      13
       7
       7
       6
       8
       8
      10
       4
       8
       7
       4
       3
       6
       4
       8
       7
      10
       6
       6
       7
       9
       8
       7
       3
       5
       3
       7
       8
       4
       3
       4
       5
       5
       3
       6
       5
       4
       4
       4
       2
       3
       5
       1
       0
       2
       8
       1
       4
       5
       0
       4
       2
       2
       4
       0
       4
       0
       4
       2
       2
       1
       1
       1
       1
       1
       3
       1
       0
       0
       1
       1
       1
       1
       0
       1
       1
       3
       2
       0
       2
       0
       0
       1
       0
       1
       1
       0
       0
       0
       0
       1
       0
       1
       1
       1
       1
       1
       2
       0
       0
       2
       0
       1
       2
       0
       1
       0
       4
       0
       2
       0
       0
       0
       0
       1
       0
       4
       1
       0
       0
       1
       0
       1
       1
       1
       0
       0
       1
       0
       0
       2
       1
       3
       2
       1
       0
       2
       0
       0
       2
       3
       0
       0
       2
       1
       1
       2
       3
       2
       1
       0
       1
       3
       1
       0
       0
       0
       0
       4
       2
       1
       0
       2
       4
       2
       1
       2
       1
       1
       1
       1
       0
       2
       1
       0
       3
       2
       0
       2
       0
       2
       0
       1
       0
       2
       2
       0
       0
       1
       2
       1
       2
       2
       1
       0
       0
       0
       0
       2
       0
       0
       2
       2
       0
       2
       1
       0
       0
       4
       0
       0
       1
       3
       0
       0
       0
       0
       0
       1
       1
       0
       1
       1
       0
       0
       0
       0
       0
       1
       2
       0
       0
       1
       1
       1
       0
       0
       0
       1
       0
       1
       1
       0
       0
       0
       0
       0
       0
       0
       0
       1
       0
       0
       0
       1
       0
       0
       1
       2
       0
       0
       1
       0
       0
       0
       1
       0
       0
       1
       0
       0
       0
       1
       2
       0
       0
       0
       0
       0
       1
       0
       0
       0
       2
       1
       1
       0
       1
$ROI:
0
$PRESETS:
Real Time
200
0
$ENER_FIT:
0.000000 0.000000
$MCA_CAL:
3
0.000000E+000 0.000000E+000 0.000000E+000 
$SHAPE_CAL:
3
0.000000E+000 0.000000E+000 0.000000E+000
