$SPEC_ID:
No sample description was entered.
$SPEC_REM:
DET# 2
DETDESC# SPACESCIENCE8 digiBASE-RH SN 15121449
AP# Maestro Version 7.01
$DATE_MEA:
10/14/2024 15:53:19
$MEAS_TIM:
197 200
$DATA:
0 1023
       0
       0
       0
       0
       0
       0
       0
       0
       0
       0
    1365
    4736
    4257
    3827
    3903
    4330
    5219
    6566
    8508
   11025
   13382
   16368
   19296
   22373
   24401
   25999
   26724
   26594
   25377
   23360
   21016
   18258
   15110
   12294
    9746
    7388
    5478
    4017
    2781
    2021
    1413
     951
     741
     488
     373
     361
     257
     253
     222
     234
     205
     178
     220
     192
     171
     142
     171
     140
     135
     145
     145
     138
     121
     139
     115
     114
     111
     113
     101
      99
     101
      94
      88
      89
     100
      75
      95
      97
      88
      85
      88
      72
      72
      69
      77
      82
      87
      88
      68
      84
      80
      66
      87
      56
      72
      57
      67
      77
      64
      79
      72
      61
      57
      55
      66
      68
      48
      53
      74
      56
      52
      56
      52
      64
      65
      51
      55
      53
      64
      55
      54
      42
      57
      43
      43
      58
      51
      49
      45
      42
      40
      28
      41
      41
      45
      33
      40
      37
      37
      42
      43
      34
      39
      40
      39
      26
      29
      33
      31
      24
      31
      43
      38
      30
      27
      37
      33
      37
      30
      27
      26
      30
      31
      35
      29
      29
      25
      37
      21
      25
      27
      30
      35
      26
      26
      27
      26
      18
      27
      29
      26
      23
      30
      17
      20
      26
      26
      21
      18
      16
      21
      18
      22
      21
      20
      14
      10
      18
       9
      25
      21
      19
      22
      16
      15
      15
      16
      13
      16
      14
      15
      10
      21
       8
      20
      18
      18
      13
      15
      18
      16
      15
       7
      17
       9
      13
      16
      10
       9
       8
      10
      10
      17
      13
      10
      10
      20
      11
      11
      18
      15
      15
       8
      11
      21
       9
      13
       9
      11
      11
      14
      13
      10
      13
      14
      11
      14
      11
      12
      10
      14
      11
      17
       8
      11
      14
      15
       7
      13
      13
      13
       8
      17
       9
      11
      11
      11
      14
      16
       8
      14
      13
      10
      12
      10
      13
      16
      15
       9
      13
      11
       8
      19
      10
      17
       7
      16
       9
      12
       7
       9
       9
      12
      14
      14
      14
      13
      13
      11
       8
      16
      11
      11
      16
      13
      13
      11
       9
      13
       7
      10
      11
       5
       5
       8
       5
      10
       7
       4
      13
      10
       4
       9
       6
       8
       7
       8
       5
      12
      10
      10
      10
       6
       7
      11
       6
      11
       9
       5
       6
       5
       3
      10
       2
       4
       7
       9
       9
      10
       6
       6
       4
      10
       7
       7
       6
      11
       8
       1
       8
       5
       4
       7
       5
       8
       3
       4
       6
       4
       9
      10
       4
       8
       7
       6
       4
       6
       5
       1
       6
       6
       3
       8
       6
       6
       1
       8
       6
       7
       7
       4
       3
       8
       3
       3
       8
       4
       2
       8
       4
       3
       3
       3
       6
       2
       5
       4
       7
       4
       6
       4
       0
       4
       6
       4
       3
       4
       3
       9
       4
       8
       7
       7
       7
       6
       6
       6
       5
       6
       1
       0
       5
       4
       7
       6
       3
       7
       8
       6
       9
       3
       6
       5
       4
       6
       7
       1
       7
       3
       1
       8
       4
       3
       6
       6
       7
       1
       6
      10
       3
       2
       5
       7
       5
       7
       4
       2
       5
       5
       1
       3
      10
       1
       3
       9
       5
       3
       4
       7
       8
       3
       3
       7
       2
       6
       3
       8
       7
       6
       3
       3
       6
       5
       0
       5
       2
       6
       4
       4
       4
       2
       2
       3
       5
       4
       2
       5
       4
       3
       5
       2
       3
       3
       3
       4
       4
       4
       1
       4
       2
       4
       1
       4
       6
       1
       9
       4
       2
       4
       3
       2
       4
       1
       4
       6
       4
       3
       2
       3
       5
       1
       4
       1
       8
       3
       3
       2
       2
       2
       5
       5
       3
       4
       4
       6
       6
       3
       4
       2
       3
       3
       4
       5
       5
       4
       3
       2
       1
       2
       4
       7
       2
       1
       6
       5
       4
       4
       3
       4
       5
       4
       3
       5
       3
       4
       5
       4
       1
       1
       2
       4
       4
       4
       1
       0
       2
       1
       4
       4
       4
       1
       1
       2
       2
       0
       3
       5
       2
       2
       2
       4
       1
       0
       1
       3
       9
       3
       1
       4
       4
       2
       2
       3
       1
       1
       3
       2
       2
       1
       2
       1
       0
       2
       2
       1
       7
       1
       5
       4
       7
       1
       2
       3
       4
       1
       3
       4
       2
       0
       1
       2
       2
       2
       1
       2
       4
       4
       4
       1
       3
       3
       2
       3
       4
       5
       2
       2
       4
       4
       2
       3
       3
       3
       0
       2
       4
       0
       4
       1
       7
       3
       3
       2
       3
       3
       3
       1
       3
       1
       2
       3
       5
       5
       0
       4
       6
       4
       2
       1
       2
       9
       4
       5
       4
       6
       8
       6
       3
       4
       1
       8
       5
      11
       6
       3
       4
       5
       7
       4
       7
       9
       4
       5
       8
       6
       3
      10
       6
       7
       7
       5
       9
       2
      11
       8
       5
       7
       6
       4
       6
       9
       6
       5
       3
       3
      10
       2
       7
      13
       7
       3
       3
       9
       3
       1
       7
       3
       7
       4
       3
       4
       1
       7
       5
       3
       1
       5
       3
       4
       3
       2
       2
       1
       0
       1
       0
       4
       2
       2
       1
       0
       3
       0
       4
       1
       1
       3
       6
       3
       2
       0
       0
       1
       1
       2
       1
       1
       1
       2
       2
       1
       2
       1
       1
       0
       1
       1
       1
       1
       0
       1
       1
       1
       1
       0
       1
       2
       2
       0
       1
       1
       0
       2
       0
       1
       2
       0
       1
       1
       0
       1
       2
       1
       0
       0
       1
       0
       0
       1
       0
       1
       2
       0
       0
       0
       0
       0
       2
       1
       0
       0
       1
       2
       1
       0
       1
       2
       0
       0
       0
       1
       1
       0
       2
       2
       0
       0
       2
       2
       0
       2
       1
       0
       0
       0
       4
       1
       1
       0
       2
       0
       1
       2
       3
       3
       0
       1
       0
       1
       0
       1
       0
       0
       2
       0
       3
       0
       1
       2
       2
       2
       3
       1
       1
       0
       2
       1
       0
       1
       0
       1
       0
       1
       1
       1
       0
       1
       1
       1
       1
       0
       1
       2
       0
       1
       1
       0
       0
       1
       0
       0
       0
       1
       2
       2
       0
       1
       0
       0
       0
       2
       0
       0
       1
       1
       1
       1
       0
       1
       0
       1
       0
       0
       1
       0
       0
       0
       0
       0
       0
       0
       1
       0
       1
       0
       1
       0
       0
       0
       0
       0
       0
       1
       0
       0
       1
       0
       0
       0
       0
       1
       0
       1
       0
       0
       0
       0
       0
       0
       0
       0
       0
       1
       0
       1
       0
       0
       0
       0
       0
       0
       0
       0
       1
       0
       1
       0
       0
       2
       1
       0
       0
       0
       0
$ROI:
0
$PRESETS:
Real Time
200
0
$ENER_FIT:
0.000000 0.000000
$MCA_CAL:
3
0.000000E+000 0.000000E+000 0.000000E+000 
$SHAPE_CAL:
3
0.000000E+000 0.000000E+000 0.000000E+000
