$SPEC_ID:
No sample description was entered.
$SPEC_REM:
DET# 2
DETDESC# SPACESCIENCE8 digiBASE-RH SN 15121449
AP# Maestro Version 7.01
$DATE_MEA:
10/14/2024 15:57:13
$MEAS_TIM:
197 200
$DATA:
0 1023
       0
       0
       0
       0
       0
       0
       0
       0
       0
       0
    1337
    4744
    4310
    4029
    4105
    4676
    5723
    7242
    9678
   12167
   14899
   18220
   21681
   24654
   26726
   28391
   29241
   28971
   27603
   25545
   22919
   19691
   16479
   13263
   10403
    7893
    5834
    4355
    2949
    2114
    1428
    1026
     683
     544
     420
     353
     300
     246
     253
     244
     220
     184
     219
     177
     189
     177
     163
     161
     143
     135
     145
     123
     124
     118
     117
     122
      87
     120
     114
      91
     103
      97
     103
     103
      89
      84
     108
     100
      83
      88
      90
      86
      73
      80
      75
      77
      73
      79
      79
      61
      81
      75
      75
      76
      69
      66
      57
      72
      63
      66
      67
      78
      61
      71
      46
      52
      81
      52
      65
      32
      45
      62
      67
      61
      53
      54
      51
      45
      55
      51
      52
      43
      48
      56
      53
      47
      55
      44
      32
      40
      40
      36
      39
      37
      36
      41
      34
      38
      33
      37
      41
      40
      40
      33
      25
      34
      42
      42
      30
      35
      28
      26
      33
      42
      38
      27
      27
      35
      28
      22
      31
      27
      25
      27
      38
      20
      25
      30
      29
      27
      31
      24
      28
      21
      25
      24
      25
      31
      15
      24
      21
      23
      32
      22
      32
      24
      16
      19
      21
      13
      14
      25
      19
      26
      20
      23
      21
      22
      27
      18
      17
      22
      21
      13
      16
      21
      12
      20
      12
      13
      18
      18
       8
      16
      15
      24
      15
      12
      14
      28
      27
      13
      16
      20
      18
      18
      19
      17
      22
      18
      11
      15
      19
      14
      12
      15
       9
       9
      13
      18
      19
      10
      14
      12
      15
      13
      13
      20
      15
      13
       8
      16
      14
      13
      12
      13
      11
      11
      15
      14
       9
      15
      14
      12
      13
      13
      17
       7
       5
      10
      15
       9
      12
      20
      13
      10
      11
      10
      10
       8
      12
       5
      13
      18
      11
      16
       8
      13
      19
      10
      13
      10
      13
      13
       4
      13
      13
      16
       4
      13
      11
      13
      14
      10
      19
      15
      14
      14
      12
      15
      14
      11
      10
      11
      10
      15
      13
      13
      10
      14
      14
       7
      12
       6
       8
       9
      10
      10
      13
       0
      10
      12
       6
       9
       9
       7
      12
       9
       9
      10
       9
       4
       3
       3
       8
       7
      10
       7
       5
       9
      10
       3
       7
       6
       7
      10
       2
       3
      10
       7
       3
       5
       7
       4
       6
       6
       2
      11
       5
      12
       9
       8
       4
       4
       2
       1
       9
       5
       7
       5
       7
       8
       5
       4
       8
       9
       8
       5
       6
       8
       7
       6
       3
       2
       3
       5
       8
       4
       7
       5
       2
       6
       4
       4
       5
       6
       3
       4
      10
       7
       4
       8
       6
       8
       7
       3
       4
       4
       5
       3
       8
       7
       4
       9
       4
       4
       4
       4
       2
       2
       7
       6
       5
       2
       6
       2
       3
       7
       3
       8
       3
       5
       8
       3
       5
       4
       3
       3
      11
       8
       7
       9
       8
       5
       8
       5
       8
       7
       6
       4
       3
       7
       7
       8
       3
       1
       2
       6
       1
       6
       6
       4
       6
       6
       8
       2
       5
       2
       4
       9
       5
       5
       2
       4
       2
       5
       6
       7
       5
       2
       6
       2
       8
       4
       4
       6
       4
       3
       6
       6
       7
       4
       7
       4
       6
       5
       5
       2
       0
       6
       2
       2
       2
       3
       6
       0
       4
       6
       4
       2
      10
       1
       2
       1
       4
       5
       3
       3
       3
       6
       2
       5
       0
       1
       4
       1
       4
       4
       4
       3
       4
       4
       2
       1
       5
       1
       0
       5
       3
       3
       6
       2
       4
       7
       4
       2
       3
       3
       4
       5
       4
       4
       2
       2
       1
       2
       5
       2
       2
       5
       3
       4
       2
       2
       4
       2
       8
       0
       7
       1
       3
       4
       3
       1
       7
       6
       5
       5
       2
       2
       1
       4
       3
       2
       1
       2
       3
       3
       1
       4
       2
       5
       1
       1
       0
       3
       2
       1
       1
       3
       6
       1
       3
       2
       1
       2
       2
       0
       5
       7
       1
       4
       1
       2
       3
       2
       3
       1
       1
       2
       3
       4
       2
       4
       3
       2
       2
       1
       6
       4
       0
       2
       4
       4
       3
       1
       2
       1
       4
       2
       1
       0
       4
       5
       3
       2
       2
       3
       2
       4
       4
       2
       2
       2
       5
       4
       2
       2
       1
       1
       0
       1
       4
       0
       0
       1
       4
       2
       1
       4
       2
       3
       3
       1
       1
       3
       3
       4
       5
       2
       2
       0
       3
       1
       1
       4
       4
       5
       2
       5
       4
       6
       4
       4
       2
       4
       2
       0
       2
       4
       4
       1
       2
       3
       7
       5
       3
       5
       7
       1
       7
       6
       9
       4
       9
       3
       6
       5
       5
       2
       6
       7
       6
       5
      10
       8
       5
       2
       5
       6
       4
       4
      10
       6
       5
       8
       5
       7
       5
       6
      10
       4
      10
       5
       3
       8
      12
       5
       4
       3
       6
       1
       4
       5
       7
       5
       4
       5
       3
       0
       4
       5
       5
       4
       3
       5
       4
       5
       3
       3
       3
       2
       4
       1
       5
       1
       0
       3
       4
       2
       0
       2
       0
       2
       5
       0
       4
       2
       1
       0
       1
       2
       1
       4
       1
       0
       2
       0
       1
       0
       3
       2
       0
       1
       0
       1
       1
       0
       0
       0
       2
       0
       0
       2
       0
       1
       0
       3
       2
       1
       0
       0
       0
       3
       1
       1
       1
       1
       1
       1
       2
       2
       1
       2
       1
       3
       1
       0
       1
       0
       2
       0
       0
       1
       0
       1
       1
       0
       1
       2
       1
       1
       1
       1
       1
       1
       0
       0
       1
       1
       2
       1
       0
       2
       2
       3
       2
       1
       0
       1
       1
       0
       1
       0
       1
       1
       1
       0
       1
       1
       0
       0
       1
       2
       2
       2
       0
       0
       2
       3
       1
       1
       3
       2
       1
       1
       1
       1
       0
       1
       2
       2
       0
       2
       1
       1
       1
       2
       3
       0
       1
       1
       1
       0
       2
       1
       3
       1
       1
       2
       1
       2
       0
       1
       1
       1
       1
       1
       0
       0
       0
       0
       0
       2
       1
       0
       1
       2
       0
       0
       0
       1
       0
       2
       0
       1
       0
       0
       0
       1
       2
       1
       0
       1
       0
       0
       1
       0
       0
       1
       0
       0
       2
       0
       0
       0
       1
       0
       1
       0
       1
       1
       0
       0
       1
       1
       0
       0
       0
       0
       0
       0
       2
       1
       1
       1
       0
       1
       0
       2
       0
       0
       0
       0
       0
       0
       0
       0
       0
       0
       0
       2
       0
       0
       0
       0
       0
       0
       0
       0
       0
       0
       0
       0
$ROI:
0
$PRESETS:
Real Time
200
0
$ENER_FIT:
0.000000 0.000000
$MCA_CAL:
3
0.000000E+000 0.000000E+000 0.000000E+000 
$SHAPE_CAL:
3
0.000000E+000 0.000000E+000 0.000000E+000
