$SPEC_ID:
No sample description was entered.
$SPEC_REM:
DET# 2
DETDESC# SPACESCIENCE8 digiBASE-RH SN 15121449
AP# Maestro Version 7.01
$DATE_MEA:
10/14/2024 15:40:24
$MEAS_TIM:
198 200
$DATA:
0 1023
       0
       0
       0
       0
       0
       0
       0
       0
       0
       0
    1369
    4539
    4036
    3563
    3380
    3665
    4266
    5440
    6905
    8632
   10841
   12911
   15070
   16910
   19151
   20282
   20824
   20916
   19872
   18561
   16862
   14404
   12312
    9918
    7950
    6143
    4599
    3429
    2363
    1663
    1132
     827
     643
     453
     373
     274
     268
     205
     213
     192
     184
     167
     159
     171
     160
     143
     146
     136
     136
     119
     115
     117
     116
     103
     131
     126
     108
      97
     104
      87
     107
      96
      82
      92
      90
      91
      87
      74
      71
      90
      79
      95
      94
      79
      76
      81
      91
      64
      76
      70
      64
      69
      75
      87
      89
      52
      68
      71
      71
      62
      70
      51
      75
      57
      61
      52
      51
      54
      53
      64
      57
      61
      47
      41
      54
      49
      54
      64
      47
      61
      49
      49
      51
      44
      51
      50
      39
      31
      28
      46
      29
      41
      41
      43
      40
      36
      36
      40
      41
      38
      31
      41
      33
      28
      36
      44
      36
      39
      33
      42
      33
      25
      38
      29
      34
      29
      26
      28
      43
      25
      27
      22
      34
      27
      34
      27
      23
      30
      26
      29
      33
      24
      41
      25
      29
      27
      24
      25
      21
      21
      26
      19
      29
      22
      29
      19
      32
      18
      16
      14
      24
      20
      29
      19
      19
      15
      23
      19
      20
      19
      21
      21
      18
      16
      19
      18
      20
      11
      14
      20
      18
      10
      19
      12
      14
      19
       9
      18
      18
       9
      16
      17
       8
      16
      16
      16
      14
       8
      15
      17
      18
      15
      15
      11
       8
      19
      17
      12
      15
      10
      16
      16
      15
      23
      16
      15
      11
      14
      13
      15
       8
      10
      14
      14
      11
      13
      10
      12
      10
      22
      14
      12
      10
      17
       8
      15
      14
      14
       5
      14
       8
      11
       9
      12
      11
      12
      12
      16
       8
       8
      14
      12
      14
      15
       7
      14
      16
      17
      17
      16
       7
      13
      13
       9
      11
      16
      16
      11
       5
       7
       6
       9
      10
      18
       8
      11
       9
      13
      12
       6
      15
      10
      16
      12
      10
      10
      15
       7
      17
       3
      10
      10
      13
       9
       5
       6
       9
      13
       8
      13
      11
       9
      11
       3
       8
       8
       9
       7
      11
       8
       8
       3
       2
       7
       7
       7
      10
       6
       8
       4
       7
       4
       6
       7
       4
       5
       7
       2
       8
       7
       7
       4
       7
      10
      11
       3
       2
       4
      10
       5
      11
       6
       8
       4
       8
       3
       4
       8
      10
       4
       3
       4
       4
      10
       2
       5
       5
       8
       7
       8
       4
       8
       6
       9
       8
       4
       8
       5
       6
      10
       4
       2
      10
       5
       4
       2
       3
       5
       9
       6
       7
       4
       4
       4
      11
       4
       7
       6
       5
       7
       6
       4
       4
       9
       9
       4
       8
       4
       6
       2
       4
       6
       8
       3
       7
       6
       7
       4
       7
       2
       5
       1
       3
       4
       6
       3
       4
       3
       9
       5
       5
       7
       2
       5
       4
       6
       5
       3
       9
       5
       4
       5
       4
       4
       7
       4
       8
       7
       6
       3
       4
       8
       6
       8
       3
       8
       1
       4
       3
       5
       6
       6
       3
       5
       3
       2
       6
       3
       1
       4
       4
       4
       3
       3
       8
       1
       4
       2
       1
       6
       6
       5
       4
       2
       9
       5
       3
       4
       2
       2
       7
       1
       7
       3
       4
       1
       3
       4
       2
       2
       3
       2
       4
       2
       4
       2
       3
       5
       5
       5
       4
       9
       4
       1
       2
       3
       4
       3
       2
       5
       5
       4
       1
       2
       3
       4
       2
       7
       2
       3
       0
       5
       7
       3
       6
       5
       3
       6
       7
       4
       3
       4
       5
       4
       7
       1
       3
       4
       5
       5
       7
       1
       3
       3
       3
       4
       0
       2
       4
       2
       1
       1
       5
       2
       8
       2
       2
       4
       5
       5
       5
       6
       2
       1
       3
       3
       7
       1
       4
       2
       2
       3
       4
       5
       3
       6
       6
       2
       1
       3
       5
       4
       2
       1
       3
       4
       0
       4
       3
       1
       4
       1
       2
       2
       1
       3
       3
       1
       2
       2
       4
       1
       4
       4
       2
       2
       7
       1
       3
       3
       1
       2
       0
       3
       1
       4
       2
       3
       3
       1
       1
       2
       2
       3
       2
       4
       1
       2
       2
       2
       4
       4
       2
       6
       3
       2
       2
       3
       3
       2
       0
       2
       0
       1
       2
       0
       1
       1
       1
       4
       0
       0
       1
       3
       2
       5
       2
       3
       3
       3
       2
       1
       2
       4
       1
       2
       0
       3
       1
       4
       4
       6
       4
       1
       3
       2
       3
       5
       2
       3
       4
       2
       1
       2
       3
       2
       4
       6
       6
       3
       2
       4
       2
       5
       5
       4
       6
       3
       4
       3
       4
       4
       6
       6
       4
       4
       3
       6
       3
       7
       4
       5
       6
       9
       3
       7
       4
       4
       8
       3
       3
       9
       4
       2
       6
       3
       3
       4
       8
       3
       6
       6
       2
       3
       6
       4
       3
       1
       3
       2
       4
       1
       3
       2
       1
       6
       2
       0
       3
       4
       3
       4
       2
       3
       3
       1
       2
       3
       0
       3
       4
       2
       2
       0
       1
       2
       1
       0
       2
       0
       2
       2
       2
       1
       0
       0
       2
       0
       0
       2
       0
       2
       3
       1
       4
       1
       1
       0
       1
       2
       0
       1
       0
       1
       0
       2
       1
       0
       2
       2
       1
       0
       2
       0
       1
       0
       0
       0
       3
       1
       0
       0
       1
       1
       0
       1
       3
       3
       1
       0
       0
       3
       1
       1
       1
       2
       1
       2
       3
       0
       0
       1
       1
       0
       0
       1
       1
       2
       1
       1
       2
       1
       1
       0
       3
       1
       2
       3
       0
       2
       0
       0
       1
       0
       0
       0
       0
       2
       2
       1
       1
       5
       1
       2
       3
       3
       1
       1
       2
       0
       2
       0
       0
       0
       3
       1
       1
       1
       1
       1
       2
       1
       0
       2
       1
       1
       0
       0
       1
       0
       1
       1
       1
       2
       3
       0
       0
       1
       0
       1
       1
       0
       0
       1
       3
       1
       0
       3
       0
       2
       0
       2
       0
       0
       0
       0
       2
       1
       2
       0
       0
       1
       0
       1
       1
       1
       0
       0
       0
       0
       1
       0
       3
       1
       1
       0
       1
       0
       0
       1
       1
       1
       0
       1
       2
       0
       0
       0
       1
       0
       0
       2
       1
       0
       0
       0
       0
       0
       0
       0
       0
       0
       0
       0
       1
       0
       0
       0
       0
       0
       0
       0
       0
       0
       0
       0
       0
       0
       0
       0
       0
       0
       1
       0
       1
       0
       0
       0
       0
       1
       0
       0
       1
       0
$ROI:
0
$PRESETS:
Real Time
200
0
$ENER_FIT:
0.000000 0.000000
$MCA_CAL:
3
0.000000E+000 0.000000E+000 0.000000E+000 
$SHAPE_CAL:
3
0.000000E+000 0.000000E+000 0.000000E+000
