$SPEC_ID:
No sample description was entered.
$SPEC_REM:
DET# 2
DETDESC# SPACESCIENCE8 digiBASE-RH SN 15121449
AP# Maestro Version 7.01
$DATE_MEA:
10/14/2024 15:44:32
$MEAS_TIM:
198 200
$DATA:
0 1023
       0
       0
       0
       0
       0
       0
       0
       0
       0
       0
    1477
    4706
    4171
    3612
    3409
    3788
    4658
    5781
    7156
    8951
   11014
   13423
   15833
   17908
   19541
   20843
   21613
   21193
   20554
   19098
   17247
   14879
   12702
   10253
    8194
    6218
    4707
    3548
    2548
    1800
    1293
     863
     608
     438
     381
     309
     315
     237
     208
     192
     179
     192
     176
     152
     175
     167
     167
     126
     148
     146
     140
     131
      96
     117
     128
     120
      99
      99
      97
     120
     105
     104
     100
      99
     113
      98
      97
      73
      89
      91
      80
      75
      76
      89
      90
      90
      75
      82
      63
      76
      69
      74
      70
      79
      88
      60
      62
      60
      60
      70
      57
      68
      69
      70
      69
      64
      60
      60
      67
      54
      61
      56
      43
      60
      56
      61
      63
      58
      57
      55
      51
      47
      50
      50
      48
      35
      49
      41
      36
      38
      43
      43
      42
      31
      37
      41
      48
      47
      34
      33
      38
      37
      46
      35
      47
      44
      29
      28
      45
      37
      37
      45
      38
      26
      38
      36
      28
      35
      40
      31
      38
      30
      34
      32
      33
      32
      43
      37
      26
      35
      20
      31
      25
      32
      25
      25
      29
      44
      34
      26
      20
      27
      21
      17
      23
      25
      28
      28
      24
      17
      16
      37
      31
      23
      24
      16
      13
      24
      27
      21
      11
      14
      18
      18
      16
      21
      19
      18
      17
      15
      13
      17
      23
      17
      17
      21
      16
       9
       9
      17
      13
      15
      15
      25
      23
      12
      21
      14
      24
       8
      17
      10
      14
      14
      17
      13
      13
      14
      13
       5
      15
      18
      16
      12
      16
      16
      16
      17
      10
      15
      13
      10
      15
      18
      18
      11
      16
      11
      14
       8
      11
       6
      17
      12
      12
      13
      11
       7
       8
      14
      19
       8
      16
      16
      11
      14
      16
       8
      17
      24
      10
      14
      18
      10
      16
      19
      14
      13
      14
      15
      17
      12
      10
      18
      11
      14
      18
      13
       9
      16
      13
      15
      12
      12
      13
       5
      10
      12
      12
       9
       8
      14
       7
       9
      12
      17
       5
      12
      11
      16
      12
      10
       6
       9
       8
       5
       7
       7
       4
      15
       1
       9
       6
      12
       6
       5
      12
       9
       3
      12
       6
      13
       9
       5
       5
      11
       7
       6
      10
       8
       7
       4
      10
       9
       5
       2
       5
       5
       7
       6
       5
       6
       2
       6
       5
       7
       8
       6
       6
       4
       6
       7
       7
       1
      11
       6
       3
       7
       9
       5
       9
       8
       3
       2
       2
       5
      15
       4
       6
       6
       9
       5
       7
       5
       3
       6
       5
       4
       9
       9
       7
       6
       3
       5
       9
       4
       6
       8
       2
       7
       5
       6
       4
       3
       9
       3
       6
       5
       3
       4
       9
       8
       5
       5
      10
       6
       1
       5
       1
       4
       5
       2
       9
       1
       3
       2
       4
       2
       3
       4
       8
       4
       6
       7
       1
       5
       3
       6
       4
       3
       5
       4
       5
       1
       1
       3
      12
       7
       3
       2
       8
       4
       6
       8
       8
       7
       1
       4
       7
       8
       5
       7
       3
       6
       5
       4
       6
       6
       5
       7
       5
       6
       2
       8
       4
       6
       2
       3
       3
       1
      10
       2
       5
       2
       4
       8
       7
       8
       4
       7
       3
       5
       8
       3
       7
       3
       2
       3
       4
       2
       1
       3
       2
       3
       4
       4
       7
       1
       2
       4
       4
       3
       3
       0
       0
       0
       3
       5
       3
       5
       2
       4
       1
       4
       3
       3
       4
       4
       3
       2
       3
       4
       1
       4
       5
       2
       2
       2
       1
       3
       6
       4
       3
      10
       4
       3
       2
       2
       3
       4
       2
       4
       4
       5
       4
       4
       7
       1
       5
       4
       1
       4
       1
       5
       2
       1
       3
       9
       4
       2
       1
       5
       6
       2
       4
       5
       4
       1
       4
       7
       3
       4
       7
       0
       4
       4
       3
       4
       6
       1
       2
       1
       5
       2
       1
       3
       2
       3
       2
       3
       3
       3
       7
       2
       3
       3
       1
       2
       4
       3
       3
       3
       0
       5
       4
       2
       5
       3
       3
       3
       5
       3
       4
       4
       3
       4
       2
       1
       3
       1
       3
       2
       1
       1
       3
       3
       1
       1
       3
       4
       5
       1
       2
       2
       1
       2
       1
       3
       3
       2
       4
       5
       2
       3
       3
       2
       3
       3
       2
       2
       3
       0
       2
       1
       3
       2
       1
       3
       2
       2
       0
       3
       4
       1
       2
       2
       2
       2
       1
       0
       3
       4
       1
       1
       0
       4
       0
       2
       2
       5
       3
       2
       4
       1
       4
       0
       2
       2
       2
       5
       2
       9
       6
       5
       6
       6
       5
       2
       4
       4
       3
       6
       3
       5
       7
      11
       1
       5
       6
       6
       5
       5
       4
      10
       5
       5
       5
       5
       5
      11
       7
       3
       2
      11
       4
       6
       5
       6
       7
      11
       3
       2
       5
       6
       7
       8
       6
       3
       2
       6
       5
       3
       4
       3
       4
       4
       4
       5
       4
       6
       6
       4
       7
       2
       2
       4
       5
       4
       3
       5
       4
       1
       2
       3
       1
       4
       2
       2
       1
       0
       2
       4
       3
       0
       2
       1
       0
       2
       1
       1
       1
       0
       1
       3
       0
       1
       0
       2
       1
       2
       6
       4
       2
       1
       0
       2
       1
       0
       1
       3
       0
       1
       2
       2
       0
       1
       1
       0
       1
       1
       1
       0
       1
       1
       1
       1
       0
       0
       2
       1
       1
       3
       2
       1
       2
       0
       0
       2
       0
       0
       0
       0
       2
       2
       1
       1
       0
       1
       1
       0
       0
       1
       3
       2
       0
       0
       0
       3
       0
       0
       3
       2
       2
       0
       0
       2
       1
       2
       2
       2
       1
       2
       1
       0
       2
       2
       1
       3
       2
       3
       1
       0
       2
       0
       0
       3
       3
       2
       0
       1
       1
       0
       1
       8
       1
       2
       1
       0
       0
       2
       0
       1
       2
       3
       2
       3
       1
       0
       1
       1
       3
       1
       1
       0
       0
       2
       2
       1
       1
       1
       1
       1
       0
       1
       0
       2
       2
       0
       1
       0
       0
       1
       2
       0
       0
       0
       2
       2
       1
       1
       0
       0
       0
       0
       0
       0
       1
       2
       0
       2
       0
       0
       0
       1
       0
       1
       0
       0
       0
       0
       0
       0
       0
       0
       0
       0
       0
       0
       2
       3
       0
       0
       0
       0
       0
       0
       0
       0
       0
       0
       0
       0
       0
       0
       0
       0
       0
       0
       0
       0
       0
       1
       1
       0
       1
       0
       2
       1
       1
       0
       0
       0
       0
       0
       1
       0
       1
       0
       1
       0
       0
       0
       1
       1
$ROI:
0
$PRESETS:
Real Time
200
0
$ENER_FIT:
0.000000 0.000000
$MCA_CAL:
3
0.000000E+000 0.000000E+000 0.000000E+000 
$SHAPE_CAL:
3
0.000000E+000 0.000000E+000 0.000000E+000
