$SPEC_ID:
No sample description was entered.
$SPEC_REM:
DET# 2
DETDESC# SPACESCIENCE8 digiBASE-RH SN 15121449
AP# Maestro Version 7.01
$DATE_MEA:
10/14/2024 16:07:00
$MEAS_TIM:
197 200
$DATA:
0 1023
       0
       0
       0
       0
       0
       0
       0
       0
       0
       0
    1689
    5861
    5099
    4610
    4584
    5011
    6263
    8015
   10402
   13410
   16686
   20285
   23606
   26920
   29611
   31194
   31813
   31409
   29769
   27245
   23751
   20424
   17113
   13603
   10372
    7899
    5985
    4348
    3069
    2102
    1457
    1038
     734
     549
     446
     378
     300
     256
     287
     245
     254
     215
     214
     210
     184
     167
     201
     174
     162
     151
     156
     146
     154
     149
      98
     117
     109
     114
     121
     111
     121
     102
      99
      95
     105
      94
      84
     101
      91
      90
     110
      88
      85
      98
     103
      81
      83
      83
      87
      84
     105
      87
      81
      68
      72
      65
      79
      65
      63
      74
      62
      68
      64
      76
      71
      67
      65
      67
      51
      61
      60
      57
      54
      63
      54
      61
      61
      55
      51
      45
      54
      51
      50
      56
      39
      48
      42
      47
      52
      44
      47
      45
      49
      51
      38
      53
      33
      40
      38
      33
      41
      28
      35
      42
      39
      40
      35
      34
      38
      39
      45
      37
      44
      45
      32
      36
      36
      28
      27
      32
      40
      40
      32
      34
      29
      36
      34
      34
      36
      38
      34
      28
      28
      24
      25
      27
      26
      27
      22
      25
      25
      32
      25
      17
      24
      22
      28
      26
      29
      25
      23
      17
      32
      20
      20
      20
      16
      18
      21
      23
      20
      26
      27
      15
      18
      17
      22
      16
      20
      10
      20
      16
      14
      21
      20
      13
      11
      20
      21
      25
      20
      17
      14
      22
       8
      15
      17
      22
      23
      13
      11
      13
      11
      15
      22
      16
      13
      17
      13
      12
      13
       9
      16
      14
      12
      13
      10
      22
      10
      17
      12
      26
      15
      14
      10
       7
       8
      21
       8
      14
      14
      13
      19
      16
       8
       8
      15
      15
      18
       6
       8
      13
      11
      15
      11
      16
      12
      10
      10
      19
      14
      12
      15
      17
      15
      15
      14
      11
      15
      13
      17
      14
      21
      15
      18
      17
      11
      14
      12
      14
      14
       9
      12
      15
      11
      15
      14
      27
      12
      14
      14
      17
      13
      13
      23
      17
      16
      13
      11
      20
      19
      17
      18
      18
      15
      12
      14
      22
      18
      19
       9
      14
      15
      16
      11
      15
      15
      20
      14
      14
      25
      19
       8
      10
       9
      11
      17
      13
      16
      17
      11
      12
      15
      19
       7
      11
       4
      10
       9
       6
       6
       9
       6
      10
       8
       7
      10
      13
       9
       9
       6
       5
       6
       4
       9
       9
       7
       4
       7
       1
       3
       8
       7
       3
       5
       8
       5
       5
       6
       7
       7
       8
       7
       6
       4
       8
       4
       3
       9
       7
       6
       8
       2
       6
       5
       7
       3
      11
      10
       4
       6
       5
       3
       8
      11
       4
       6
       4
       2
       3
       4
       4
       6
       5
       7
       7
       7
       3
       8
       3
       5
       2
       1
       6
       4
       8
       4
       3
       3
       4
       4
       3
       5
       7
      11
       4
       7
       3
       6
      10
       4
       1
       6
       6
       3
       7
       5
       3
       2
       6
       4
       4
       4
       5
       6
       9
       6
       8
       4
       3
       5
       6
       5
       5
       4
       6
       2
       6
       2
       3
       5
       6
       4
       3
       2
       8
       8
       2
       4
       2
       2
       2
       4
      11
       5
       4
       3
       5
       2
       4
       5
       3
       4
       4
       7
       5
       8
       2
       2
       3
       2
       6
       3
       5
       3
       2
       1
       4
       1
       9
       6
       5
       4
       1
       6
       5
       3
       3
       4
      11
       6
       0
       1
       3
       2
       2
       7
       1
       4
       1
       2
       3
       1
       2
       2
       6
       2
       6
       2
       4
       3
       2
       4
       4
       4
       3
       7
       4
       2
       4
       7
       2
       2
       1
       4
       4
       1
       2
       4
       2
       4
       5
       2
       1
       2
       5
       3
       4
       4
       4
       2
       5
       1
       4
       1
       5
       2
       2
       1
       1
       2
       5
       2
       2
       3
       1
       4
       4
       4
       4
       4
       1
       2
       0
       0
       2
       5
       1
       2
       2
       2
       1
       1
       5
       2
       4
       5
       5
       3
       2
       1
       3
       5
       3
       1
       4
       4
       2
       3
       1
       1
       3
       2
       2
       5
       4
       4
       0
       1
       3
       1
       1
       3
       2
       1
       1
       2
       2
       3
       6
       6
       1
       1
       1
       6
       2
       4
       5
       3
       2
       5
       2
       5
       3
       4
       2
       0
       0
       1
       2
       2
       3
       1
       1
       2
       2
       3
       0
       4
       1
       3
       4
       1
       2
       1
       4
       1
       2
       3
       1
       2
       2
       1
       3
       3
       3
       3
       1
       2
       2
       0
       1
       3
       1
       2
       3
       3
       0
       4
       6
       2
       1
       9
       5
       4
       3
       6
       3
       4
       6
       4
       2
       2
       7
       3
       4
       3
       6
       2
       5
       6
       2
      10
       4
       5
      13
       6
       3
       4
       5
       4
       6
       4
      15
       8
       8
       8
       6
       5
      12
       5
       9
       3
       2
       2
       5
       4
       5
       8
       5
       4
       5
      10
       7
       2
       5
       7
       5
       3
       2
       5
       3
       5
       3
       4
       3
       3
       2
       0
       3
       5
       2
       2
       0
       2
       2
       0
       3
       0
       2
       1
       3
       2
       3
       2
       2
       1
       1
       2
       1
       1
       0
       1
       3
       1
       1
       1
       1
       1
       0
       0
       2
       1
       0
       1
       1
       2
       2
       1
       0
       1
       0
       1
       1
       3
       0
       3
       0
       2
       0
       1
       2
       1
       2
       0
       0
       0
       1
       0
       2
       1
       1
       0
       3
       0
       0
       0
       2
       0
       1
       1
       1
       0
       1
       1
       3
       1
       1
       1
       0
       2
       0
       0
       1
       3
       1
       2
       1
       0
       0
       2
       2
       3
       0
       1
       1
       2
       1
       3
       0
       2
       1
       2
       0
       0
       1
       1
       0
       6
       1
       3
       1
       3
       5
       0
       2
       3
       4
       0
       1
       1
       0
       1
       1
       0
       0
       2
       0
       1
       3
       2
       2
       1
       2
       1
       1
       1
       1
       0
       0
       2
       0
       1
       3
       2
       3
       2
       1
       0
       0
       1
       1
       0
       1
       1
       0
       0
       0
       1
       0
       3
       0
       0
       0
       0
       1
       0
       2
       1
       1
       1
       0
       1
       1
       0
       3
       0
       2
       0
       1
       1
       0
       0
       2
       0
       0
       0
       1
       1
       2
       1
       1
       0
       0
       0
       0
       0
       1
       0
       0
       0
       3
       0
       0
       0
       0
       0
       0
       0
       0
       1
       1
       0
       1
       0
       0
       0
       1
       0
       0
       0
       0
       1
       0
       0
       0
       0
       0
       0
       1
       0
       0
       0
       1
       0
       0
       0
       0
       0
       0
       1
       1
       1
       1
$ROI:
0
$PRESETS:
Real Time
200
0
$ENER_FIT:
0.000000 0.000000
$MCA_CAL:
3
0.000000E+000 0.000000E+000 0.000000E+000 
$SHAPE_CAL:
3
0.000000E+000 0.000000E+000 0.000000E+000
