$SPEC_ID:
No sample description was entered.
$SPEC_REM:
DET# 2
DETDESC# SPACESCIENCE8 digiBASE-RH SN 15121449
AP# Maestro Version 7.01
$DATE_MEA:
10/14/2024 14:30:01
$MEAS_TIM:
599 600
$DATA:
0 1023
       0
       0
       0
       0
       0
       0
       0
       0
       0
       0
      32
     143
     170
     193
     192
     181
     209
     236
     262
     273
     289
     337
     313
     372
     354
     386
     456
     465
     461
     471
     482
     529
     491
     512
     512
     558
     514
     578
     541
     551
     581
     554
     498
     562
     509
     565
     528
     525
     458
     466
     425
     412
     414
     428
     410
     458
     360
     387
     362
     395
     356
     359
     350
     331
     349
     330
     363
     343
     342
     308
     289
     316
     333
     307
     300
     278
     302
     304
     289
     281
     263
     260
     294
     272
     231
     261
     287
     237
     259
     227
     239
     207
     211
     216
     243
     200
     214
     228
     226
     202
     204
     202
     215
     220
     197
     205
     186
     169
     190
     200
     190
     219
     165
     174
     200
     178
     178
     183
     161
     161
     179
     169
     153
     150
     135
     137
     158
     159
     150
     130
     129
     136
     145
     138
     141
     143
     113
     123
     122
     145
     128
     142
     118
     137
     109
     120
     131
      98
     116
     114
     126
     102
     124
     115
     103
     116
     104
      87
      91
      93
     103
      93
     100
      87
      85
      93
     105
      82
      88
      89
      87
      80
      94
      83
      89
      94
      79
      83
      78
      88
     100
      84
      72
      81
      79
      78
      58
      53
      76
      84
      66
      74
      67
      78
      72
      77
      64
      66
      71
      71
      69
      60
      64
      68
      58
      64
      50
      46
      39
      47
      54
      46
      52
      50
      42
      61
      66
      57
      50
      55
      66
      51
      51
      61
      52
      44
      53
      53
      51
      46
      44
      54
      38
      47
      55
      37
      59
      38
      53
      58
      53
      52
      54
      43
      43
      50
      54
      48
      49
      45
      40
      38
      41
      40
      45
      51
      43
      45
      36
      41
      46
      51
      36
      54
      33
      42
      41
      30
      54
      37
      37
      27
      43
      32
      43
      43
      36
      45
      40
      30
      49
      45
      34
      46
      37
      51
      39
      38
      36
      55
      33
      36
      52
      51
      45
      39
      47
      53
      57
      38
      37
      46
      46
      41
      44
      35
      47
      36
      37
      40
      44
      50
      40
      53
      54
      55
      40
      44
      46
      32
      55
      47
      53
      49
      48
      62
      63
      44
      60
      50
      35
      55
      57
      56
      50
      52
      74
      54
      66
      86
      77
      67
      55
      60
      80
      61
      54
      53
      73
      53
      64
      59
      51
      55
      57
      56
      44
      43
      51
      41
      50
      32
      41
      52
      33
      43
      42
      42
      38
      33
      32
      38
      31
      32
      22
      24
      24
      24
      25
      20
      22
      22
      20
      22
      27
      16
      17
      18
      15
      28
      19
      18
      17
      18
      25
      17
      17
      14
      20
      17
      20
      13
      23
      13
       9
      14
      19
      10
      18
      16
      12
      19
      10
      23
      17
      17
      15
      16
      27
      12
      16
      18
      15
      14
      14
      20
      18
      16
      14
      15
      10
      16
       8
      19
      14
      17
      11
      13
      14
      11
      16
      15
      12
      11
      18
      15
      14
      17
      14
      14
      19
      14
      15
      12
      16
      15
      14
      14
      12
      13
      16
      18
      15
      10
      13
      16
       6
      15
      15
       8
      14
      11
      14
      15
      18
      12
      10
      20
      16
      13
      14
      14
      12
      14
      17
       7
      13
      14
       8
      11
      18
      16
      13
      15
      14
      11
      13
       5
       7
      10
      16
      14
      16
      10
      10
      16
      11
       7
      14
      17
      11
      13
      13
      10
       6
      11
       7
       9
      11
      16
      12
      20
       8
       7
       6
       6
       9
       6
       6
      10
      16
       7
       9
       7
       8
      10
       8
       4
       7
       9
       4
      11
      12
      13
      14
      10
       8
      11
       7
       7
      13
      11
      12
       9
       8
      10
      10
      12
       6
      10
      19
       3
       9
       9
       8
       8
      11
      11
      12
       5
       9
      11
      10
      11
       8
       8
      12
      10
       9
       6
       9
      10
      13
       7
       7
       8
      14
       8
      10
      12
      12
       6
      10
      12
      10
      10
      12
      12
      11
      12
       9
       8
      10
       7
       6
       8
       5
      17
       5
      14
       9
       3
      13
       8
       9
      12
       4
       5
       8
       6
      10
      10
       7
       6
      10
       4
       6
       6
       9
       2
       9
       8
       5
      14
       7
       9
       6
       7
      13
       8
      11
       4
       6
       9
       3
       5
      10
       6
      12
       8
       7
       7
      10
       5
       4
       7
       6
       6
       4
       6
       7
       8
       3
       7
       2
       7
       6
       3
       6
      10
       5
       5
      11
       4
      12
       7
       2
       7
       7
       5
       6
       8
      10
       4
       3
      10
       6
       4
       3
      11
       6
       5
       3
      11
       2
       4
       3
       5
       6
       5
       4
       5
      10
       5
       1
       8
       6
       5
       4
       9
       4
       5
       8
       3
       5
       7
       9
       3
      13
       7
       9
       8
       7
       6
       7
       5
       7
       6
      10
      14
       6
       9
       3
      10
      11
      13
       9
      13
      15
       9
       9
       7
      13
       7
      10
      17
      13
      13
      19
      11
      16
      10
      14
      11
      20
      16
      17
      25
      12
      18
      20
      14
      17
      16
      28
      15
      16
      16
      21
      18
      17
      16
      23
      20
      16
      18
      22
      16
      15
      13
      17
      19
      18
      12
      24
      16
      14
      15
      13
      18
      18
      11
       7
      14
       9
      14
      14
      26
       7
      14
       7
       7
       9
      14
       8
       9
       6
       7
       8
       3
       8
       6
       6
      10
       6
       8
       5
       3
       5
       7
       6
       1
       3
       5
       6
       5
       2
       4
       4
       2
       4
       1
       1
       4
       3
       0
       2
       7
       4
       2
       2
       2
       3
       2
       5
       5
       2
       5
       2
       4
       2
       3
       2
       3
       4
       5
       2
       3
       6
       3
       2
       3
       3
       3
       1
       5
       2
       4
       3
       2
       2
       1
       2
       1
       2
       7
       2
       2
       4
       5
       2
       4
       2
       1
       3
       1
       1
       3
       3
       5
       3
       2
       2
       0
       3
       4
       2
       1
       2
       3
       4
       0
       3
       5
       3
       5
       3
       5
       3
       1
       9
       3
       1
       2
       2
       3
       2
       4
       1
       2
       3
       2
       4
       5
       3
       5
       1
       2
       6
       3
       3
       4
       4
       7
       4
       6
       4
       5
       4
       1
       4
       0
       4
       3
       4
       1
       2
       2
       5
       0
       2
       3
       4
       2
       2
       4
       1
       5
       2
       3
       4
       0
       2
       1
       1
       2
       3
       3
       1
       2
       0
       4
       3
       4
       3
       4
       4
       3
       1
       4
       4
       1
       0
       1
       1
       0
       0
       0
       2
       2
       2
       0
       1
       1
       2
       2
       1
       2
       2
       0
       2
       0
       4
       1
       2
       1
       1
       1
       3
       1
       1
       1
       2
       0
       1
       2
       1
       0
       1
       0
       2
       0
       0
       1
$ROI:
0
$PRESETS:
Real Time
600
0
$ENER_FIT:
0.000000 2.191293
$MCA_CAL:
3
0.000000E+000 2.191293E+000 0.000000E+000 keV
$SHAPE_CAL:
3
1.167119E+001 0.000000E+000 0.000000E+000
