$SPEC_ID:
No sample description was entered.
$SPEC_REM:
DET# 2
DETDESC# SPACESCIENCE8 digiBASE-RH SN 15121449
AP# Maestro Version 7.01
$DATE_MEA:
10/14/2024 14:40:07
$MEAS_TIM:
299 300
$DATA:
0 1023
       0
       0
       0
       0
       0
       0
       0
       0
       0
       0
    1121
    4672
    5580
    5802
    5671
    5206
    4335
    3769
    2937
    2135
    1619
    1300
    1079
     930
     827
     787
     852
     920
     991
    1011
    1134
    1188
    1258
    1410
    1482
    1537
    1598
    1651
    1614
    1582
    1610
    1524
    1423
    1339
    1267
    1151
    1000
     944
     786
     694
     643
     562
     489
     486
     437
     391
     423
     388
     409
     366
     411
     326
     359
     379
     365
     342
     366
     379
     385
     412
     341
     368
     362
     391
     370
     390
     385
     407
     409
     380
     376
     378
     393
     382
     374
     400
     316
     350
     357
     352
     347
     345
     400
     331
     368
     335
     352
     349
     342
     313
     301
     319
     348
     285
     307
     311
     279
     287
     279
     275
     305
     265
     266
     268
     271
     253
     258
     280
     277
     257
     235
     239
     260
     254
     249
     269
     241
     252
     229
     256
     259
     277
     276
     273
     283
     311
     318
     292
     329
     345
     367
     350
     351
     363
     396
     402
     424
     389
     394
     405
     436
     418
     399
     368
     395
     387
     399
     423
     409
     426
     402
     439
     410
     409
     448
     465
     466
     517
     514
     506
     549
     541
     564
     630
     643
     611
     705
     708
     757
     716
     712
     767
     767
     815
     735
     774
     746
     781
     769
     692
     743
     691
     630
     656
     638
     593
     545
     527
     458
     413
     409
     364
     352
     325
     303
     281
     245
     235
     216
     186
     192
     150
     132
     123
     118
     116
      95
      89
      85
      82
      57
      58
      57
      52
      53
      62
      37
      38
      42
      38
      40
      30
      31
      35
      31
      37
      29
      24
      30
      24
      30
      25
      16
      25
      22
      24
      28
      25
      29
      24
      20
      18
      28
      13
      16
      19
      26
      21
      16
      25
      26
      14
      13
      20
      25
      21
      26
      16
      28
      25
      20
      20
      17
      23
      28
      16
      25
      17
      20
      19
      20
      17
      15
      22
      26
      22
      26
      28
      18
      24
      12
      24
      22
      23
      18
      14
      16
      17
      18
      26
      26
      24
      24
      15
      23
      21
      31
      22
      13
      28
      25
      26
      21
      20
      24
      33
      29
      37
      37
      31
      28
      38
      26
      27
      39
      24
      39
      43
      34
      25
      34
      42
      31
      39
      38
      39
      29
      42
      36
      39
      33
      41
      45
      47
      27
      34
      41
      30
      40
      46
      39
      43
      29
      26
      35
      33
      35
      18
      33
      32
      24
      14
      22
      21
      20
      25
      13
      16
      16
      20
      20
      20
      17
      19
      10
       7
      13
      17
       9
      18
      11
      14
      12
       9
      15
       7
      16
      16
       6
       5
       8
       7
       7
       9
       5
       9
       7
       6
      10
       8
      10
      11
       6
      10
       6
       9
      13
      12
      11
       6
       2
       4
       7
       5
       8
       7
       5
       9
       7
       7
       6
       4
       7
       8
      14
       6
       7
      10
       8
       3
       9
       7
       5
       7
      11
      12
       7
       3
       6
       7
       4
       8
       6
       6
       8
       4
       7
       6
       8
      11
       9
       8
       5
       8
       5
       5
       9
      13
       6
       7
       8
       8
      10
       9
       4
       9
       8
       4
       9
       7
       5
       8
       4
       7
       9
      10
       8
       9
       5
      12
       3
      14
       6
       9
      10
       9
       3
       6
       5
      10
       6
       4
       9
       2
       5
       4
       6
       4
      11
       4
       7
       5
       3
       6
       6
      11
      10
       4
       6
       3
       6
       9
       6
      10
       9
      12
       5
       4
       2
       6
       1
       8
       4
       4
       4
       6
       3
       3
       5
      11
       8
       6
       6
       4
       7
       8
       6
       4
       9
       4
       6
       6
       4
       3
       1
       1
       3
       4
       5
       4
       5
       4
       7
       5
       7
       3
       5
       1
       6
       7
       6
       5
       7
       4
       3
       3
       6
       5
       5
      11
       1
       8
       7
       4
       2
       6
       1
       2
       4
       6
       4
       2
       4
       3
       3
       4
       9
       3
       4
       0
       5
       5
       4
       8
       2
       0
       3
       1
       4
       3
       1
       4
       1
       4
       3
       3
       9
       2
       2
       4
       6
       4
       2
       2
       7
       4
       3
       3
       5
       2
       7
       5
       0
       3
       7
       3
       7
       7
       4
       5
       5
       4
       2
       4
       2
       2
       5
       2
       7
       3
       4
       1
       2
       2
       4
       2
       5
       7
       1
       1
       2
       0
       2
       1
       4
       5
       3
       5
       1
       3
       0
       1
       3
       3
       2
       7
       5
       4
       7
       7
       2
       4
       8
       5
       3
       3
       2
       6
       2
       0
       2
       3
       2
       2
       4
       2
       0
       5
       5
       9
       0
       3
       3
       0
       6
       1
       2
       2
       2
       1
       1
       3
       2
       3
      10
       0
       6
       3
       2
       3
       2
       7
       5
       5
       3
       4
       3
       3
       3
       3
       1
       3
       4
       6
       3
       7
       4
       0
       3
       3
       7
       6
       2
       6
       3
       9
       5
       5
       8
       4
       8
      12
       9
      16
      13
       7
      15
       6
       3
       6
       6
       7
      11
      11
      10
      11
       9
       8
       5
       5
       6
      12
      10
       9
       9
       7
       5
       6
       8
      10
      11
      10
       9
       3
       8
       3
       7
      11
       9
      10
      11
       4
       8
       6
       6
       8
       4
       5
       8
       4
       6
       7
       8
       4
       5
       7
       3
       6
       4
       8
       6
       7
       2
       3
       4
       2
       3
       7
       5
       4
       5
       6
       3
       2
       4
       2
       2
       5
       1
       2
       3
       2
       4
       3
       0
       5
       2
       2
       2
       1
       2
       1
       0
       1
       1
       3
       1
       1
       1
       1
       0
       2
       1
       2
       2
       1
       2
       1
       2
       1
       0
       1
       0
       1
       2
       1
       0
       2
       2
       0
       0
       1
       2
       1
       1
       1
       0
       1
       4
       2
       1
       1
       1
       1
       1
       3
       1
       2
       2
       2
       0
       1
       3
       1
       2
       1
       1
       3
       2
       0
       0
       2
       1
       1
       1
       0
       2
       0
       2
       3
       2
       1
       1
       1
       1
       0
       1
       3
       4
       3
       2
       0
       1
       1
       1
       3
       2
       3
       1
       3
       2
       3
       3
       6
       3
       2
       1
       1
       2
       2
       4
       3
       2
       1
       2
       6
       0
       2
       4
       0
       2
       1
       4
       1
       3
       2
       0
       3
       2
       1
       3
       2
       0
       1
       1
       1
       1
       2
       3
       2
       2
       0
       1
       2
       2
       1
       1
       0
       1
       4
       1
       2
       0
       1
       0
       1
       1
       0
       1
       2
       0
       0
       2
       1
       0
       1
       1
       1
       0
       1
       0
       0
       2
       0
       0
       1
       2
       1
       1
       0
       0
       0
       0
       0
       1
       1
       0
       1
       1
       0
       1
       0
       0
       0
       0
       0
       0
       1
       0
       0
       0
       0
       0
       0
$ROI:
0
$PRESETS:
Real Time
300
0
$ENER_FIT:
0.000000 2.191293
$MCA_CAL:
3
0.000000E+000 2.191293E+000 0.000000E+000 keV
$SHAPE_CAL:
3
1.167119E+001 0.000000E+000 0.000000E+000
