$SPEC_ID:
No sample description was entered.
$SPEC_REM:
DET# 2
DETDESC# SPACESCIENCE8 digiBASE-RH SN 15121449
AP# Maestro Version 7.01
$DATE_MEA:
10/14/2024 15:05:05
$MEAS_TIM:
198 200
$DATA:
0 1023
       0
       0
       0
       0
       0
       0
       0
       0
       0
       0
     481
    1880
    2242
    2377
    2360
    2198
    2044
    1710
    1467
    1207
     930
     816
     695
     615
     545
     535
     496
     522
     520
     530
     514
     563
     549
     603
     600
     616
     616
     660
     621
     671
     630
     617
     638
     638
     676
     605
     665
     617
     641
     611
     620
     633
     665
     660
     611
     619
     647
     638
     652
     681
     654
     665
     689
     630
     667
     637
     627
     676
     607
     670
     641
     605
     643
     663
     618
     658
     665
     657
     706
     658
     621
     644
     717
     681
     729
     710
     767
     739
     760
     787
     795
     776
     781
     801
     817
     816
     771
     792
     838
     878
     769
     805
     784
     810
     820
     787
     787
     780
     761
     765
     799
     753
     746
     745
     754
     743
     754
     705
     713
     704
     736
     685
     678
     725
     689
     627
     673
     649
     646
     631
     629
     637
     647
     639
     617
     618
     592
     568
     590
     579
     537
     529
     569
     543
     547
     532
     563
     536
     496
     514
     509
     504
     518
     463
     524
     527
     458
     476
     476
     434
     487
     465
     447
     434
     420
     450
     396
     443
     404
     496
     404
     429
     405
     431
     378
     391
     387
     375
     385
     374
     401
     410
     367
     368
     339
     368
     377
     333
     313
     318
     328
     363
     312
     355
     365
     318
     341
     318
     308
     294
     353
     303
     289
     319
     313
     252
     315
     310
     313
     308
     272
     304
     291
     287
     266
     280
     311
     300
     268
     286
     262
     293
     248
     240
     236
     279
     263
     257
     234
     243
     251
     259
     238
     211
     230
     210
     227
     195
     202
     208
     188
     188
     207
     178
     198
     180
     177
     170
     158
     150
     143
     149
     167
     134
     148
     142
     134
     133
     141
     120
     124
     125
     113
     123
     117
     115
     105
     119
     124
     113
      97
     103
      80
      91
      92
      92
      99
      88
     103
      80
     104
     106
     102
     128
     106
     112
     124
     111
     133
     140
     170
     162
     144
     153
     185
     217
     204
     231
     262
     271
     284
     340
     365
     425
     420
     504
     542
     603
     657
     746
     832
     878
     850
    1011
    1082
    1171
    1238
    1340
    1517
    1536
    1708
    1773
    1942
    2048
    2155
    2269
    2450
    2530
    2606
    2694
    2854
    2886
    3025
    3040
    3114
    3113
    3252
    3229
    3387
    3488
    3166
    3446
    3321
    3316
    3345
    3321
    3073
    3019
    2944
    2882
    2916
    2762
    2605
    2447
    2470
    2334
    2157
    2042
    1870
    1837
    1675
    1597
    1505
    1334
    1314
    1200
    1070
    1041
    1003
     896
     754
     703
     630
     545
     531
     444
     413
     363
     359
     299
     242
     191
     206
     178
     153
     147
     130
     122
      96
      73
      62
      46
      59
      50
      49
      31
      22
      30
      27
      26
      10
      22
      11
      14
      10
      16
       5
       7
       8
       8
      11
       6
       8
       8
       6
       6
       9
       7
      13
       9
       2
       9
       7
       5
       6
      10
       8
       5
      10
       9
       6
       9
       5
       4
       9
       7
       9
       3
      10
       6
       9
       5
       4
      10
       6
       5
       9
       5
       5
       4
       8
      10
       7
      10
       7
       4
       8
       8
       4
       7
       4
       5
      12
       9
       9
       8
       5
       8
       6
       7
       5
       2
      10
       6
       4
       9
       9
       5
       4
       5
       8
       9
       4
       6
       5
       6
       2
       7
       5
       4
       1
       5
      10
       2
       7
       2
       7
       8
       5
       7
       7
       5
       2
       2
       7
       8
       0
       4
       5
       6
       6
       4
       6
       7
       6
       3
       3
       7
       8
       3
       5
       6
       2
       4
       2
       4
       3
       3
       4
       3
       7
       2
       3
       4
       5
       3
       3
       4
       2
       3
       4
       8
       8
       5
       3
       1
       7
       5
       8
       4
       4
       5
       3
       3
       2
       7
       6
       3
       3
       5
       4
       5
       5
       2
       1
       7
       7
       3
       5
       4
       0
       3
       5
       5
       5
       4
       3
       2
       4
       9
       2
       5
       4
       9
       7
       3
       4
       5
       2
       5
       4
       4
       3
       5
       7
       1
       8
       2
       7
       3
       3
       5
       4
       3
       4
       1
       2
       2
       7
       3
       2
       1
       5
       6
       1
       3
       1
       3
       3
       6
       3
       2
       3
       3
       1
       9
       3
       3
       4
       4
       6
       7
       3
       5
       2
       1
       3
       4
       9
       3
       1
       2
       4
       0
       4
       5
      10
       2
       5
       4
       4
       2
       3
       6
       4
       6
       4
       5
       2
       5
       4
       1
       4
       4
       4
       4
       2
       3
       3
       3
       3
       4
       3
       5
       3
       1
       5
       3
       3
       4
       4
       2
       4
       6
       1
       2
       1
       5
       3
       5
       1
       3
       5
       4
       7
       5
       6
       3
       2
       2
       7
       1
       1
       6
       3
       4
       4
       4
       1
       5
       4
       4
       4
       3
       4
       2
       5
       2
       4
       3
       2
       5
       1
       1
       5
       4
       1
       4
       4
       5
       4
       4
       3
       6
       3
       8
       1
       3
       2
      10
       6
       7
       5
       5
       6
       6
       3
       5
      11
       6
       9
       4
       6
       8
       6
       6
       7
       5
       9
       4
       5
       4
       3
       8
      11
       3
      10
       4
       7
       8
       3
       6
       6
       6
       4
       2
       4
       7
       3
       1
       3
       9
       6
       3
       5
       1
       0
       5
       2
       5
       2
       0
       3
       2
       1
       0
       4
       5
       1
       4
       1
       0
       0
       2
       0
       0
       1
       0
       0
       0
       1
       1
       0
       2
       1
       1
       2
       1
       0
       0
       2
       1
       1
       0
       0
       0
       0
       2
       0
       0
       3
       1
       1
       1
       0
       0
       0
       2
       1
       0
       0
       0
       2
       1
       3
       1
       0
       0
       0
       1
       1
       1
       1
       1
       0
       0
       0
       2
       1
       1
       0
       0
       1
       1
       1
       2
       0
       2
       1
       2
       0
       1
       0
       0
       0
       4
       3
       1
       0
       1
       1
       2
       1
       2
       2
       2
       2
       3
       1
       1
       0
       1
       4
       2
       4
       2
       1
       1
       4
       0
       0
       1
       1
       1
       2
       5
       4
       1
       0
       0
       1
       0
       3
       2
       1
       3
       0
       0
       0
       2
       1
       0
       1
       1
       0
       2
       0
       1
       0
       1
       1
       2
       0
       1
       3
       0
       2
       2
       1
       2
       0
       1
       1
       0
       1
       3
       0
       2
       1
       2
       1
       0
       2
       2
       1
       0
       4
       0
       2
       1
       0
       0
       0
       0
       0
       1
       0
       0
       1
       2
       0
       1
       1
       0
       1
       0
       2
       0
       0
       0
       0
       0
       1
       1
       1
       0
       1
       0
       0
       0
       0
       0
       0
       1
       1
       0
       0
       0
       0
       0
       0
       1
       1
       0
       0
       1
       1
       1
       0
       1
       0
       0
       0
       0
       0
       0
       0
       0
       1
       0
       0
       1
       0
       0
$ROI:
0
$PRESETS:
Real Time
200
0
$ENER_FIT:
0.000000 0.000000
$MCA_CAL:
3
0.000000E+000 0.000000E+000 0.000000E+000 
$SHAPE_CAL:
3
0.000000E+000 0.000000E+000 0.000000E+000
