$SPEC_ID:
No sample description was entered.
$SPEC_REM:
DET# 2
DETDESC# SPACESCIENCE8 digiBASE-RH SN 15121449
AP# Maestro Version 7.01
$DATE_MEA:
10/14/2024 15:09:02
$MEAS_TIM:
197 200
$DATA:
0 1023
       0
       0
       0
       0
       0
       0
       0
       0
       0
       0
     549
    2260
    2638
    2770
    2708
    2584
    2313
    1970
    1647
    1326
    1066
     865
     858
     682
     653
     593
     614
     582
     571
     617
     641
     659
     653
     689
     695
     670
     687
     640
     735
     694
     748
     711
     729
     707
     758
     744
     799
     683
     754
     718
     690
     759
     730
     726
     723
     695
     706
     756
     749
     726
     777
     766
     743
     762
     742
     749
     779
     728
     733
     705
     805
     771
     726
     799
     748
     798
     754
     776
     736
     777
     742
     804
     767
     811
     792
     887
     858
     895
     893
     882
     868
     922
     901
     904
     910
     946
     971
     960
     950
    1028
     968
     971
    1013
    1002
     898
     948
     933
     961
     935
     919
     931
     959
     891
     920
     892
     872
     890
     921
     897
     853
     792
     793
     765
     824
     822
     827
     775
     778
     802
     779
     771
     771
     746
     761
     728
     736
     692
     775
     684
     696
     710
     701
     650
     682
     647
     649
     644
     668
     633
     638
     636
     671
     620
     588
     628
     583
     583
     583
     597
     558
     556
     567
     500
     538
     525
     515
     523
     492
     517
     509
     513
     516
     465
     539
     484
     457
     499
     502
     437
     480
     468
     486
     458
     432
     427
     404
     439
     403
     422
     387
     446
     416
     368
     411
     369
     398
     368
     382
     368
     408
     353
     366
     402
     372
     320
     346
     386
     343
     352
     342
     356
     337
     329
     318
     311
     329
     351
     323
     328
     322
     298
     297
     298
     300
     267
     308
     312
     292
     283
     292
     266
     269
     262
     226
     225
     245
     238
     244
     206
     231
     210
     215
     234
     221
     204
     207
     192
     203
     182
     149
     154
     168
     166
     150
     149
     168
     150
     145
     140
     117
     123
     129
     136
     126
     133
     110
     121
     106
     123
     105
     101
     108
     128
     126
     119
     116
     122
     133
     113
     112
     150
     148
     136
     125
     142
     145
     177
     175
     166
     180
     227
     221
     228
     259
     299
     288
     320
     381
     393
     415
     407
     502
     526
     583
     632
     715
     750
     843
     951
     988
    1117
    1130
    1273
    1398
    1515
    1579
    1747
    1902
    2020
    2131
    2336
    2443
    2604
    2768
    2817
    3099
    3106
    3293
    3377
    3559
    3635
    3637
    3704
    3914
    3900
    3951
    4007
    4114
    4189
    4138
    4101
    4051
    3959
    4098
    3971
    3895
    3840
    3724
    3581
    3470
    3337
    3159
    3049
    2961
    2793
    2763
    2469
    2347
    2216
    2205
    1983
    1779
    1699
    1584
    1417
    1346
    1258
    1094
     981
     913
     866
     734
     673
     624
     511
     497
     467
     389
     349
     287
     266
     278
     190
     176
     185
     142
     127
     100
      73
      74
      77
      68
      53
      33
      52
      34
      34
      24
      27
      27
      28
      19
      14
      12
      13
      14
      17
      10
      11
       6
      12
       7
       8
      12
      11
      10
       7
       7
       9
       9
       7
       5
       9
       6
      11
      14
      10
      10
      12
       8
      10
       8
       8
       6
       7
      12
      10
      11
       1
      14
       6
       9
       7
       8
       6
       9
       4
      11
       9
       9
       3
      10
      11
       6
       8
       7
       5
       6
       7
       6
       5
       7
       6
       9
       8
       6
       4
      11
       5
       5
       5
       9
      12
       7
       4
       2
      14
      11
       5
       7
      10
       7
       8
      10
       8
       6
      12
       4
       4
       9
       5
       4
       2
       6
      11
       2
       8
      11
       8
       5
       7
       5
       4
       3
       8
       7
       5
       7
       6
       6
       7
       4
       5
       5
       5
       6
       4
       5
       3
      11
       9
       3
       2
       5
       3
       3
       4
       4
       3
       5
       4
       4
       2
       2
       5
       4
       6
       6
       7
       5
       4
       5
       6
       7
       3
       4
       3
       9
       4
       4
       5
       1
       4
       3
       9
       5
       0
       8
       5
       4
       4
       3
       4
       4
       9
       6
       8
       9
       8
       7
       6
       7
       3
       6
       2
       6
       4
       6
       8
       7
       4
       5
       5
       1
       4
       6
       7
       4
       3
       3
       6
       3
       3
       5
       9
       5
       0
       1
       1
       6
       3
       2
       6
       8
       5
       2
       4
       4
       3
       3
       4
       2
       7
       6
       6
       4
       1
       2
       7
       4
       3
       3
       1
       3
       0
       8
       6
       3
       4
       7
       3
       3
       6
       4
       3
       3
       4
       3
       7
       2
       2
       4
       6
       4
       5
       8
       1
       6
       6
       4
       9
       2
       2
       4
       3
       4
       6
       5
       3
       6
       7
       4
       2
       5
       4
       3
      11
       5
       6
       3
       0
       3
       5
       1
       4
       5
       3
       8
       6
       5
       5
       2
       0
       5
       3
       3
       3
       8
       1
       5
       2
       3
       2
       2
       2
       5
       8
       1
       4
       1
       5
       4
       5
       2
       5
       5
       4
       1
       5
       3
       2
       5
       3
       6
       6
       1
       3
       1
       1
       7
       2
       3
       4
       7
       8
       4
       1
       6
       5
       4
       3
       8
       1
       2
       6
       7
       5
       5
       6
      11
       7
       5
       7
       5
       4
       8
       8
       6
      10
       4
       7
       7
       5
       5
       4
       4
      12
       0
       5
       6
       1
       9
      10
      10
       4
       7
       7
       8
       5
       5
       5
       4
       4
       7
       9
       4
       8
       4
       3
       9
       4
       6
       3
       1
       2
       5
       7
       2
       2
       4
       1
       2
       2
       3
       2
       2
       2
       1
       3
       3
       2
       2
       3
       3
       1
       2
       3
       3
       1
       0
       1
       0
       1
       1
       2
       1
       0
       1
       2
       1
       0
       0
       2
       1
       2
       0
       0
       1
       1
       0
       0
       1
       0
       0
       0
       0
       0
       1
       1
       1
       0
       0
       1
       1
       1
       1
       1
       0
       0
       1
       0
       3
       0
       2
       0
       2
       1
       0
       0
       0
       0
       1
       0
       2
       0
       1
       0
       0
       2
       0
       1
       1
       1
       0
       0
       2
       2
       4
       3
       0
       1
       0
       0
       1
       2
       1
       1
       1
       0
       0
       0
       0
       1
       5
       2
       2
       0
       3
       0
       4
       1
       1
       2
       3
       1
       1
       1
       1
       0
       2
       2
       1
       2
       0
       0
       0
       2
       0
       1
       0
       3
       1
       2
       1
       0
       0
       2
       0
       0
       0
       0
       0
       0
       1
       3
       1
       1
       1
       1
       2
       2
       1
       1
       2
       1
       0
       2
       0
       0
       2
       0
       0
       3
       1
       1
       0
       2
       0
       0
       0
       0
       1
       0
       1
       1
       2
       0
       2
       0
       0
       0
       0
       1
       0
       0
       0
       1
       1
       0
       0
       0
       0
       0
       1
       1
       0
       0
       0
       0
       0
       1
       0
       1
       0
       0
       3
       0
       0
       0
       0
       0
       0
       0
       0
       2
       1
       0
       1
       0
       0
       0
       0
       0
       0
       0
       1
       0
       0
       0
       0
       0
       1
       1
       0
$ROI:
0
$PRESETS:
Real Time
200
0
$ENER_FIT:
0.000000 0.000000
$MCA_CAL:
3
0.000000E+000 0.000000E+000 0.000000E+000 
$SHAPE_CAL:
3
0.000000E+000 0.000000E+000 0.000000E+000
