$SPEC_ID:
No sample description was entered.
$SPEC_REM:
DET# 2
DETDESC# SPACESCIENCE8 digiBASE-RH SN 15121449
AP# Maestro Version 7.01
$DATE_MEA:
10/14/2024 15:00:10
$MEAS_TIM:
198 200
$DATA:
0 1023
       0
       0
       0
       0
       0
       0
       0
       0
       0
       0
     417
    1637
    2032
    2106
    2141
    1974
    1802
    1619
    1289
    1075
     865
     757
     592
     578
     528
     519
     477
     457
     488
     487
     512
     479
     531
     560
     586
     528
     562
     581
     570
     623
     635
     589
     611
     652
     598
     592
     610
     624
     599
     624
     588
     627
     611
     603
     610
     609
     584
     600
     610
     584
     610
     627
     674
     630
     607
     613
     591
     622
     567
     600
     573
     585
     606
     607
     559
     575
     625
     626
     653
     568
     626
     612
     656
     658
     619
     670
     681
     678
     653
     678
     691
     679
     724
     738
     747
     769
     744
     752
     752
     780
     708
     769
     725
     714
     748
     700
     700
     762
     749
     701
     674
     704
     687
     664
     693
     665
     676
     640
     641
     674
     641
     638
     604
     652
     582
     602
     602
     584
     612
     627
     570
     552
     544
     541
     569
     542
     515
     556
     539
     522
     516
     480
     527
     531
     495
     496
     490
     474
     485
     450
     465
     467
     433
     437
     439
     425
     394
     444
     385
     387
     438
     368
     436
     437
     393
     365
     401
     369
     384
     370
     376
     366
     377
     363
     349
     379
     370
     328
     340
     338
     339
     363
     307
     341
     344
     325
     309
     313
     335
     305
     354
     343
     295
     330
     302
     352
     277
     281
     268
     285
     264
     261
     302
     267
     263
     280
     289
     262
     275
     250
     270
     261
     256
     241
     265
     261
     247
     253
     261
     243
     261
     213
     239
     238
     209
     234
     238
     227
     241
     212
     233
     230
     210
     193
     230
     212
     191
     184
     176
     189
     187
     186
     204
     181
     152
     178
     173
     165
     146
     158
     157
     142
     141
     136
     124
     148
     137
     145
     104
     116
     127
     119
     124
     124
     109
      83
      93
     103
      76
     100
     108
      95
      65
      84
      91
      81
      76
      82
      96
      89
      86
      96
      90
      84
      85
     108
      90
     104
     114
     121
     130
     121
     136
     127
     148
     161
     172
     191
     214
     221
     238
     268
     286
     333
     340
     360
     431
     410
     491
     546
     585
     648
     737
     789
     890
     930
     997
    1087
    1202
    1275
    1389
    1520
    1605
    1692
    1779
    1885
    2040
    2186
    2223
    2281
    2426
    2401
    2590
    2591
    2673
    2649
    2816
    2792
    2945
    2918
    3016
    2978
    2927
    3047
    2994
    2736
    2881
    2812
    2695
    2673
    2742
    2585
    2441
    2421
    2119
    2225
    2091
    1942
    1811
    1800
    1624
    1496
    1487
    1311
    1236
    1152
    1057
     961
     913
     829
     755
     642
     614
     542
     502
     470
     387
     358
     336
     298
     251
     241
     193
     155
     156
     125
     113
      98
      95
      86
      73
      55
      51
      52
      50
      40
      44
      29
      26
      17
      16
      21
      16
      12
      13
      10
      13
      11
       6
       9
      14
       7
       4
       5
       4
       8
      10
       4
       7
       7
      11
       4
       3
      10
       9
       9
       6
       7
       6
      11
      12
       2
       6
       6
       3
       3
       5
       7
       7
       8
       7
       4
       5
       7
       6
       7
       8
       6
       8
       8
       4
       6
       4
       5
       8
       3
       3
      10
       6
      10
       4
       5
       9
       4
       4
       6
      14
       8
       3
       8
       6
       4
       7
       9
       5
       9
       6
       9
       5
       7
       7
       7
       4
       8
       7
      11
       4
       6
       6
       5
       6
       3
       4
       7
       5
      11
       9
       3
       1
       7
       3
       5
       7
       8
       2
       5
       9
       8
       1
       5
       4
       6
       2
       5
       1
       6
       8
       8
       5
       2
       3
       3
       7
       6
       1
       2
       3
       6
      11
       1
       5
       3
       4
       3
       2
       3
       4
       5
       4
       5
       6
       1
       2
       2
       3
       1
       3
       3
       5
       2
       7
       3
       4
       2
       4
       3
       1
       1
       6
       5
       3
       8
       4
       4
       7
       7
       3
       7
       5
       3
       4
       3
       4
       3
       7
       3
       4
       4
       4
       2
       5
       5
       8
       4
       5
       4
       2
       5
       7
       5
       2
       3
       5
       0
       1
       2
       5
       4
       5
       4
       4
       2
       9
       5
       5
       3
       2
       1
       2
       2
       3
       2
       3
       2
       7
       4
       3
       4
       6
       4
       5
       4
       3
       1
       1
       0
       1
       1
       5
       4
       2
       1
       2
       2
       5
       2
       4
       5
       3
       2
       3
       0
       2
       3
       5
       2
       1
       3
       6
       5
       3
       0
       3
       7
       3
       3
       8
       5
       1
       5
       4
       6
       0
       5
       6
       1
       3
       4
       3
       4
       2
       3
       2
       5
       7
       4
       5
       1
       2
       1
       2
       3
       2
       3
       4
       2
       2
       4
       1
       3
       2
       1
       1
       1
       4
       1
       1
       2
       3
       0
       3
       2
       5
       7
       3
       2
       4
       4
       4
       3
       2
       3
       1
       1
       3
       2
       2
       5
       2
       5
       5
       4
       3
       3
       4
       7
       7
       5
       3
       5
       7
       6
       1
       2
       7
       4
       3
       3
       9
       7
       8
       5
       4
       2
       8
       1
       9
       5
       6
       8
       2
       3
       7
       6
       7
       5
      10
       9
       3
       4
       4
       8
       6
       4
       4
       5
       7
       5
       7
       1
       7
       6
       7
       6
       6
       6
       5
       2
       5
       3
       3
       9
       3
       6
       6
       6
       1
       3
       6
       2
       2
       3
       2
       5
       1
       1
       2
       4
       3
       1
       3
       2
       1
       0
       4
       0
       0
       1
       0
       3
       1
       4
       0
       0
       1
       1
       2
       1
       0
       0
       0
       0
       3
       2
       0
       0
       1
       1
       4
       2
       2
       1
       4
       0
       1
       1
       1
       0
       3
       0
       2
       0
       1
       2
       0
       1
       1
       1
       1
       0
       0
       0
       1
       1
       1
       1
       0
       0
       0
       3
       2
       1
       1
       0
       1
       1
       0
       3
       2
       0
       1
       1
       0
       0
       0
       2
       1
       0
       1
       3
       2
       2
       1
       0
       2
       3
       1
       2
       2
       1
       2
       0
       3
       1
       3
       0
       2
       0
       2
       2
       0
       3
       0
       1
       0
       4
       2
       0
       2
       4
       0
       1
       1
       0
       1
       2
       1
       0
       1
       0
       0
       0
       2
       0
       2
       0
       1
       1
       3
       2
       0
       1
       0
       1
       1
       1
       1
       1
       1
       1
       1
       0
       1
       0
       0
       0
       1
       3
       0
       1
       1
       0
       3
       0
       1
       2
       2
       0
       0
       0
       0
       0
       1
       2
       1
       1
       0
       0
       0
       0
       1
       0
       1
       0
       0
       0
       0
       0
       0
       0
       2
       2
       0
       1
       0
       0
       1
       0
       0
       0
       1
       1
       1
       0
       0
       0
       0
       0
       0
       0
       0
       0
       0
       0
       1
       1
       0
       0
       1
       0
       1
       0
       0
       0
       1
       0
       0
       0
       0
       0
       0
       2
       0
       0
$ROI:
0
$PRESETS:
Real Time
200
0
$ENER_FIT:
0.000000 0.000000
$MCA_CAL:
3
0.000000E+000 0.000000E+000 0.000000E+000 
$SHAPE_CAL:
3
0.000000E+000 0.000000E+000 0.000000E+000
