$SPEC_ID:
No sample description was entered.
$SPEC_REM:
DET# 2
DETDESC# SPACESCIENCE8 digiBASE-RH SN 15121449
AP# Maestro Version 7.01
$DATE_MEA:
10/14/2024 15:12:54
$MEAS_TIM:
197 200
$DATA:
0 1023
       0
       0
       0
       0
       0
       0
       0
       0
       0
       0
     594
    2574
    2906
    3124
    3032
    2773
    2582
    2100
    1728
    1437
    1086
     958
     848
     771
     720
     632
     639
     715
     686
     652
     693
     702
     735
     660
     727
     734
     764
     730
     745
     777
     822
     775
     766
     745
     780
     801
     799
     748
     760
     822
     815
     800
     802
     819
     800
     764
     762
     879
     792
     834
     902
     798
     837
     888
     852
     828
     854
     871
     857
     815
     906
     848
     875
     823
     843
     878
     872
     898
     881
     932
     947
     947
     935
     958
     946
    1021
    1037
    1028
    1004
    1034
    1049
    1077
    1077
    1108
    1145
    1082
    1110
    1178
    1116
    1150
    1096
    1174
    1198
    1106
    1107
    1098
    1061
    1177
    1086
    1109
    1037
    1085
    1060
    1056
    1058
    1062
     954
    1027
    1039
     992
     940
     970
     956
     957
     993
     920
     953
     927
     907
     894
     903
     919
     832
     853
     859
     848
     830
     850
     874
     760
     794
     774
     762
     793
     766
     789
     679
     767
     749
     746
     731
     631
     706
     733
     676
     674
     683
     695
     637
     676
     649
     594
     625
     629
     623
     606
     578
     580
     558
     594
     517
     539
     512
     602
     533
     503
     544
     509
     542
     521
     505
     512
     502
     518
     450
     455
     465
     443
     463
     457
     449
     412
     447
     396
     463
     397
     395
     444
     435
     418
     414
     407
     380
     360
     385
     352
     362
     389
     367
     363
     362
     332
     367
     377
     321
     357
     330
     366
     330
     365
     320
     322
     296
     303
     326
     316
     312
     308
     311
     314
     292
     268
     282
     286
     260
     273
     264
     227
     269
     247
     303
     238
     200
     249
     203
     189
     218
     238
     189
     190
     160
     184
     174
     176
     159
     154
     154
     157
     125
     131
     127
     129
     129
     121
     115
     117
     150
     129
     123
     143
     137
     145
     112
     125
     115
     150
     135
     131
     148
     150
     167
     168
     156
     169
     189
     193
     187
     211
     248
     276
     272
     263
     335
     312
     352
     393
     399
     494
     522
     542
     622
     674
     708
     780
     894
     975
    1041
    1153
    1284
    1384
    1564
    1603
    1740
    1955
    2078
    2272
    2457
    2562
    2699
    2847
    3055
    3284
    3462
    3525
    3770
    3991
    4163
    4234
    4464
    4632
    4636
    4688
    4851
    4942
    4864
    5065
    5026
    5115
    5037
    4986
    5165
    4968
    4743
    4874
    4776
    4563
    4502
    4255
    4259
    4057
    3898
    3703
    3619
    3329
    3207
    2994
    2942
    2622
    2489
    2372
    2187
    2101
    1888
    1708
    1594
    1425
    1308
    1226
    1061
    1009
     941
     840
     740
     597
     617
     504
     435
     426
     349
     311
     311
     257
     231
     197
     182
     141
     120
     100
      77
      89
      80
      62
      58
      57
      37
      28
      37
      20
      27
      26
      17
      20
       9
      13
      18
      18
      12
      16
      12
      11
      12
       8
      10
       9
      10
       5
       8
       5
      10
      13
      11
      10
       7
      10
       9
       8
       7
      10
      16
       8
       8
      13
      10
       7
      10
      10
       8
       8
       9
      11
      10
       5
       9
       8
       8
       6
       7
       8
       7
       6
       7
       5
       8
       8
      10
       3
      12
      13
      11
       5
       9
       7
       7
       6
      11
       8
       7
       5
       7
       7
       7
       6
       7
       7
      10
       6
       6
       9
      14
       7
      12
       9
       6
       9
       5
      16
       6
      10
       6
       5
       5
       7
      10
       8
       8
      10
       4
      11
       8
      10
      10
       4
       6
       1
       5
      11
       9
       8
       6
       9
       3
       2
       8
       5
       8
       5
       2
       5
       5
       3
       5
       9
       3
       1
      11
       6
       5
       2
       7
       5
       4
       5
       4
       2
       2
       5
       5
       7
       6
       9
       5
       4
       5
       3
       5
       4
       5
       7
       7
       5
       4
       3
       3
       8
       6
       3
       1
       3
       7
       4
       5
       4
       4
       1
       6
       9
       4
       3
       4
       6
       6
       7
       2
       5
       3
       4
       4
      10
       5
       5
       5
       9
       5
       5
       4
       4
       4
       4
       5
       7
       4
       4
       7
       3
       7
       8
       5
       5
       3
       3
       6
       7
       8
       8
       6
       4
       7
       6
       6
       3
       7
       7
       2
       5
       8
       2
       5
       6
       4
       6
       7
       6
       3
       5
       2
       7
       4
       3
       5
       6
       2
       6
       6
       5
       6
       5
       4
       3
       7
       4
       1
       6
       7
       7
       8
       4
       3
       4
       5
       6
      12
       7
       8
       4
       5
       9
       8
       7
       3
       6
       8
       2
       2
       5
       5
       6
       8
       4
       6
       4
       5
       3
       9
       5
       5
       5
       3
       5
       3
      11
       2
       3
       4
       3
       5
       2
       5
       7
       5
       2
       2
       3
       0
       4
       7
       4
       3
       3
       2
       7
       4
       5
       3
       0
       6
       5
       3
       3
       4
       2
       2
       4
       6
       6
       4
       3
       4
       3
       3
       1
       5
       3
       0
       1
       4
       6
       3
       4
       6
       7
       3
       2
       3
       7
       7
       7
       7
       7
       5
       6
       6
       3
       8
       4
       7
       5
      10
       9
      13
       8
       5
       7
       5
       3
       6
       3
       7
       3
       5
       3
      10
      10
       6
       4
       5
       9
       2
       4
       5
       8
       7
       4
       3
       5
       1
       5
       2
       3
       3
       2
       3
       1
       5
       2
       5
       2
       4
       0
       2
       4
       1
       3
       0
       6
       2
       2
       1
       1
       1
       2
       2
       3
       3
       1
       3
       2
       1
       2
       2
       1
       1
       1
       5
       1
       2
       2
       1
       1
       1
       0
       0
       1
       4
       1
       3
       2
       0
       1
       1
       0
       1
       1
       0
       0
       1
       0
       1
       0
       2
       1
       2
       0
       1
       2
       1
       0
       0
       2
       0
       3
       0
       0
       0
       1
       2
       1
       2
       0
       2
       1
       1
       1
       0
       1
       0
       2
       1
       1
       2
       1
       1
       0
       2
       1
       1
       2
       0
       1
       0
       2
       2
       0
       1
       1
       0
       1
       1
       3
       0
       0
       0
       0
       4
       0
       2
       3
       2
       0
       1
       1
       2
       2
       1
       0
       1
       0
       2
       1
       1
       0
       0
       1
       3
       1
       2
       4
       2
       0
       1
       2
       0
       1
       1
       1
       2
       0
       0
       1
       3
       5
       1
       1
       0
       1
       1
       0
       0
       0
       3
       2
       0
       2
       1
       0
       0
       1
       0
       0
       0
       0
       2
       1
       1
       1
       1
       1
       0
       3
       0
       1
       0
       1
       0
       0
       1
       2
       0
       1
       1
       0
       1
       0
       1
       1
       1
       0
       1
       0
       1
       1
       0
       2
       2
       1
       1
       1
       0
       0
       1
       0
       1
       1
       1
       1
       0
       1
       1
       1
       1
       1
       0
       0
       0
       0
       1
       0
       0
       1
       0
       0
       1
       1
       0
       0
       0
       1
       0
       0
       0
       1
       0
       1
       1
       2
$ROI:
0
$PRESETS:
Real Time
200
0
$ENER_FIT:
0.000000 0.000000
$MCA_CAL:
3
0.000000E+000 0.000000E+000 0.000000E+000 
$SHAPE_CAL:
3
0.000000E+000 0.000000E+000 0.000000E+000
