$SPEC_ID:
No sample description was entered.
$SPEC_REM:
DET# 2
DETDESC# SPACESCIENCE8 digiBASE-RH SN 15121449
AP# Maestro Version 7.01
$DATE_MEA:
10/02/2024 14:07:14
$MEAS_TIM:
600 600
$DATA:
0 1023
       0
       0
       0
       0
       0
       0
       0
       0
       0
       0
      49
     187
     214
     196
     198
     209
     216
     250
     279
     287
     310
     310
     383
     382
     430
     464
     424
     451
     481
     457
     513
     496
     540
     547
     564
     571
     596
     592
     579
     606
     548
     622
     559
     552
     548
     566
     525
     533
     518
     470
     451
     451
     441
     435
     440
     439
     414
     435
     400
     389
     380
     394
     359
     368
     379
     361
     366
     362
     370
     348
     328
     331
     312
     316
     320
     329
     304
     308
     304
     283
     314
     284
     284
     287
     255
     271
     277
     265
     277
     254
     235
     284
     247
     277
     264
     252
     259
     221
     231
     263
     213
     239
     217
     215
     202
     227
     236
     209
     210
     204
     200
     220
     227
     181
     202
     176
     193
     191
     182
     190
     163
     176
     167
     176
     166
     178
     165
     170
     152
     165
     164
     157
     155
     173
     133
     140
     140
     148
     159
     144
     147
     130
     132
     145
     146
     118
     133
     127
     130
     127
     104
     103
     111
     147
     109
     123
     114
     121
      96
     123
     130
     112
     120
     101
      96
      97
     115
     105
     116
     102
     117
      94
     116
      96
      97
      90
      90
     102
     103
     116
     103
      86
      95
      86
     104
      78
      96
      88
      75
      89
      92
      64
      64
      71
      78
      67
      75
      88
      80
      69
      62
      59
      74
      64
      55
      62
      60
      81
      62
      59
      70
      77
      78
      63
      72
      63
      79
      64
      72
      53
      72
      58
      56
      69
      60
      39
      58
      47
      60
      49
      47
      53
      64
      58
      46
      70
      65
      38
      58
      64
      55
      58
      52
      49
      58
      50
      49
      49
      44
      40
      58
      55
      63
      55
      48
      44
      56
      41
      50
      49
      41
      41
      45
      42
      41
      45
      51
      58
      33
      44
      39
      48
      50
      44
      41
      48
      46
      55
      35
      45
      41
      53
      52
      44
      45
      51
      58
      37
      44
      58
      62
      53
      49
      56
      47
      62
      57
      52
      41
      58
      61
      60
      51
      71
      53
      51
      68
      59
      53
      61
      69
      60
      71
      62
      63
      73
      58
      79
      73
      55
      72
      77
      65
      60
      77
      72
      70
      79
      97
      70
      57
      77
      58
      82
      73
      73
      80
      93
      62
      81
      87
      71
      81
      78
      77
      52
      59
      70
      52
      45
      67
      50
      56
      71
      70
      40
      50
      43
      31
      40
      43
      31
      45
      45
      42
      34
      35
      32
      32
      29
      27
      23
      29
      40
      21
      29
      28
      26
      32
      27
      27
      27
      30
      22
      20
      28
      25
      15
      24
      24
      29
      18
      16
      21
      21
      25
      24
      25
      27
      21
      26
      27
      15
      25
      42
      19
      20
      25
      22
      23
      22
       9
      18
      19
      13
      29
      19
      18
      18
      22
      23
      23
      26
      19
      19
      24
      20
      17
      31
      17
      23
      16
      23
      23
      21
      18
      19
      22
      24
      15
       9
      21
      33
      15
      27
       8
      23
      17
      17
      24
      13
      16
      21
      20
      12
      16
      16
      22
      19
      19
      25
      15
      12
      13
      22
      30
      24
      23
      18
      11
      16
      24
      23
      26
      30
      22
      26
      16
      20
      22
      16
      21
      11
      16
      21
      26
      16
      15
      18
      26
      16
      19
      13
      17
      18
      24
      13
      16
      14
      15
      14
      12
      13
      23
       2
      10
      19
      19
      12
      18
      14
      13
      12
      11
      18
      17
      12
      13
      13
      19
      11
      18
      21
      15
       7
      13
      13
      15
      14
      15
      12
      14
      14
      13
      13
      14
      14
      17
      11
      10
      10
      21
      11
      12
      15
      19
      14
      19
       8
      15
      18
      10
      18
      14
      14
      15
      20
      17
      23
      19
      19
      23
       8
      24
      22
      23
      27
      26
      26
      16
      25
      29
      21
      26
      30
      27
      32
      33
      19
      39
      32
      40
      36
      44
      28
      36
      39
      52
      35
      37
      50
      36
      40
      40
      43
      42
      52
      54
      50
      45
      48
      47
      46
      39
      30
      51
      42
      32
      34
      32
      44
      49
      42
      43
      39
      39
      31
      30
      39
      35
      45
      30
      43
      28
      33
      32
      26
      36
      42
      33
      35
      33
      15
      17
      23
      18
      22
      21
      37
      20
      34
      19
      29
      30
      19
      24
      23
      24
      17
      27
      23
      28
      22
      14
      29
      18
      23
      29
      23
      31
      22
      24
      39
      37
      33
      29
      29
      32
      25
      27
      28
      27
      33
      35
      35
      38
      38
      29
      36
      33
      37
      31
      35
      35
      38
      37
      23
      38
      32
      45
      32
      42
      36
      31
      49
      26
      36
      34
      32
      33
      29
      32
      25
      42
      30
      26
      29
      38
      37
      31
      25
      38
      17
      24
      28
      27
      25
      26
      24
      19
      33
      21
      24
      18
      26
       9
      27
      20
      29
      29
      29
      32
      17
      18
      24
      22
      26
      10
      19
      16
      17
      17
      22
      14
      28
      25
      23
      16
      16
      20
      16
      25
      28
      16
      15
      23
      25
      21
      22
      16
      23
      15
      16
      21
      13
      11
      23
      29
      14
      10
      13
      12
      12
      13
      13
      13
       6
       4
      12
      11
      12
      10
       7
      10
       5
       7
      12
       6
      12
       6
       8
      12
       8
       8
       5
       9
       6
       5
       7
      15
       1
       6
       5
       3
       7
       4
       5
       4
       5
       6
       1
       3
       5
       5
       3
       2
       6
       3
       5
       0
       2
       5
       4
       3
       4
       3
       4
       3
       3
       0
       4
       3
       3
       5
       3
       3
       5
       4
       1
       2
       4
       3
       4
       5
       6
       1
       2
       2
       0
       3
       3
       3
       4
       3
       2
       2
       2
       7
       4
       2
       3
       2
       1
       3
       2
       4
       2
       3
       0
       3
       6
       3
       3
       4
       2
       2
       4
       4
       2
       5
       2
       2
       2
       7
       4
       6
       2
       3
       1
       3
       2
       4
       4
       4
       3
       1
       7
       2
       4
       5
       3
       4
       3
       4
       3
       6
       6
       4
       3
       4
       5
       2
       3
       5
       4
       2
       1
       4
       2
       4
       4
       3
       1
       4
       6
       7
       2
       3
       3
       3
       5
       1
       2
       1
       4
       4
       6
       3
       2
       4
       1
       2
       3
       3
       3
       4
       2
       2
       1
       1
       0
       0
       0
       0
       2
       2
       1
       3
       3
       1
       0
       1
       2
       0
       0
       0
       4
       3
       2
       3
       0
       0
       2
       1
       1
       2
       0
       1
       0
       1
       2
       1
       1
       0
       2
       1
       0
       4
       3
       1
       1
       0
       2
       1
       1
       2
       0
       0
       0
       0
       1
       1
       0
       2
       1
       1
       2
       0
       0
       1
       1
       3
       1
       0
       3
       0
       0
       3
       1
       1
       2
       1
       1
       3
$ROI:
0
$PRESETS:
None
0
0
$ENER_FIT:
0.000000 2.191293
$MCA_CAL:
3
0.000000E+000 2.191293E+000 0.000000E+000 keV
$SHAPE_CAL:
3
1.167119E+001 0.000000E+000 0.000000E+000
