$SPEC_ID:
No sample description was entered.
$SPEC_REM:
DET# 1
DETDESC# SPACESCIENCE4 digiBASE-RH SN 15121435
AP# Maestro Version 7.01
$DATE_MEA:
09/30/2024 16:19:57
$MEAS_TIM:
200 200
$DATA:
0 1023
       0
       0
       0
       0
       0
     266
     847
     984
    1372
    2203
    3341
    4971
    6481
    7562
    8065
    7495
    6356
    5055
    3825
    3068
    2765
    3189
    3712
    4925
    6165
    7747
    8964
    9985
   10493
   10294
    9589
    8251
    6669
    5147
    3860
    2617
    1704
    1099
     674
     493
     298
     260
     213
     172
     189
     165
     180
     165
     167
     182
     161
     171
     154
     152
     149
     153
     122
     114
     110
     113
     140
     132
     136
     120
     111
     111
     127
     120
     113
     110
     105
      87
     111
      98
     100
      74
      83
      83
      91
      85
      84
      89
      69
      79
      90
      78
      57
      76
      63
      77
      84
      79
      78
      89
      55
      75
      46
      60
      57
      61
      51
      52
      53
      55
      43
      57
      50
      49
      56
      61
      44
      49
      38
      36
      42
      48
      36
      36
      43
      41
      37
      48
      32
      36
      31
      28
      32
      20
      38
      50
      35
      21
      34
      27
      42
      19
      33
      25
      20
      23
      34
      31
      37
      32
      29
      34
      30
      26
      26
      22
      22
      29
      31
      21
      24
      22
      20
      26
      20
      25
      19
      18
      25
      28
      29
      20
      16
      11
      11
      12
      11
      23
      21
      16
      10
      16
      21
      19
      16
      18
      18
       8
      10
      10
      17
      15
      14
      11
      13
      10
      15
      12
       9
      11
      10
      11
      12
      11
      13
      12
       8
       3
       9
       7
      10
       9
       8
      10
      16
       7
       7
       9
       7
      13
       8
      11
      11
       9
       5
      10
      13
      14
      12
      11
       3
       8
       9
       4
      17
      10
       5
       6
       5
       9
       9
       8
       7
      11
      10
      12
       9
       3
       7
       8
       7
       7
       4
       7
      10
       6
       6
      12
       6
       7
       5
       2
      15
       3
       5
      10
       3
       6
       5
       8
       8
       4
       6
      11
      10
       7
       4
       9
       6
       6
       1
       8
       5
       7
       5
       8
       6
       9
       7
       3
       6
       1
       8
       4
       4
       4
       6
       6
       7
       3
      10
       5
       2
       3
       4
       3
      11
       6
       5
       1
       8
       4
       8
       6
       4
       4
       6
       3
       4
       6
       5
       4
       5
       5
       5
       3
       3
       4
       7
       3
       5
       3
       1
       6
       3
       2
       5
       4
       4
       4
       5
       2
       5
       5
       5
       4
       3
       7
       2
       1
       6
       5
       5
       5
       4
       2
       1
       3
       2
       2
       5
       2
       4
       3
       4
       7
       3
       7
       3
       4
       5
       2
       5
       4
       5
       5
       3
       2
       4
       8
       3
       2
       1
       3
       2
       0
       2
       2
       0
       1
       6
       5
       2
       3
       4
       1
       3
       3
       5
       4
       3
       3
       7
       1
       0
       1
       3
       1
       2
       3
       3
       2
       5
       2
       0
       3
       3
       2
       2
       5
       1
       3
       6
       4
       4
       3
       4
       0
       2
       1
       0
       1
       3
       2
       3
       2
       4
       2
       2
       4
       6
       2
       2
       1
       4
       1
       5
       3
       4
       0
       1
       3
       4
       2
       3
       2
       1
       0
       4
       5
       2
       3
       3
       4
       0
       2
       3
       2
       3
       0
       1
       1
       2
       2
       2
       3
       0
       1
       2
       1
       3
       3
       2
       5
       1
       3
       0
       3
       3
       3
       1
       6
       2
       1
       2
       3
       3
       0
       1
       0
       2
       4
       0
       2
       0
       1
       4
       3
       4
       3
       2
       0
       1
       2
       0
       3
       2
       2
       1
       2
       3
       1
       1
       2
       1
       1
       3
       1
       2
       3
       3
       2
       6
       1
       2
       0
       1
       1
       4
       2
       2
       3
       0
       1
       1
       0
       2
       2
       1
       2
       1
       3
       0
       0
       3
       0
       2
       2
       3
       3
       0
       0
       3
       3
       2
       1
       0
       2
       2
       2
       0
       3
       1
       0
       1
       1
       1
       0
       1
       2
       0
       3
       7
       1
       1
       0
       0
       0
       0
       0
       3
       0
       2
       1
       3
       3
       4
       2
       1
       1
       2
       3
       2
       0
       4
       1
       1
       4
       5
       2
       2
       2
       1
       0
       0
       0
       3
       2
       3
       2
       0
       2
       2
       0
       1
       5
       1
       1
       1
       0
       4
       3
       0
       4
       1
       0
       1
       4
       0
       3
       2
       1
       1
       1
       1
       2
       3
       0
       3
       2
       1
       3
       1
       0
       2
       4
       0
       0
       2
       0
       0
       2
       0
       1
       2
       0
       1
       1
       2
       1
       0
       2
       0
       0
       2
       2
       1
       2
       0
       0
       0
       0
       0
       2
       0
       0
       0
       1
       1
       0
       1
       1
       0
       1
       1
       0
       0
       1
       0
       0
       1
       0
       0
       0
       0
       1
       1
       2
       0
       2
       1
       0
       1
       2
       0
       1
       0
       2
       0
       0
       0
       0
       0
       2
       1
       1
       0
       0
       0
       0
       0
       0
       1
       0
       1
       2
       0
       0
       1
       0
       0
       2
       0
       1
       0
       1
       1
       0
       1
       1
       0
       0
       0
       0
       1
       0
       0
       0
       0
       1
       1
       2
       0
       1
       0
       2
       1
       2
       1
       1
       1
       0
       0
       1
       0
       0
       0
       0
       0
       0
       0
       0
       0
       0
       0
       1
       0
       2
       0
       2
       0
       0
       1
       0
       1
       0
       0
       2
       0
       0
       0
       0
       1
       1
       0
       0
       0
       0
       1
       0
       0
       0
       0
       0
       0
       0
       0
       1
       1
       1
       0
       0
       1
       1
       0
       0
       0
       0
       1
       0
       1
       1
       0
       0
       0
       0
       0
       0
       0
       0
       0
       0
       1
       0
       0
       1
       0
       0
       0
       0
       0
       0
       0
       0
       0
       1
       0
       0
       0
       0
       0
       1
       0
       1
       0
       0
       0
       0
       0
       0
       0
       1
       0
       0
       1
       0
       0
       1
       1
       0
       0
       0
       0
       0
       0
       0
       0
       1
       0
       0
       0
       0
       1
       0
       0
       0
       0
       0
       2
       0
       3
       0
       0
       0
       0
       0
       0
       0
       0
       0
       0
       1
       0
       1
       0
       0
       0
       0
       0
       0
       0
       1
       0
       0
       0
       1
       0
       0
       0
       0
       0
       1
       0
       0
       0
       0
       0
       0
       1
       0
       1
       0
       1
       0
       0
       0
       1
       0
       0
       1
       0
       0
       0
       0
       0
       0
       0
       0
       0
       0
       0
       0
       1
       0
       0
       1
       1
       0
       0
       0
       0
       0
       0
       0
       0
       0
       0
       0
       0
       0
       0
       0
       0
       0
       1
       0
       0
       0
       0
       0
       0
       0
       0
       0
       0
       0
       0
       0
       0
       0
       0
       0
       0
       0
       0
       0
       0
       0
       0
       1
       0
       0
       0
       0
       0
       0
       0
       0
       0
       0
       1
       0
       0
       0
       0
       0
       0
       0
       0
       0
$ROI:
2
21 38
253 337
$PRESETS:
None
0
0
$ENER_FIT:
0.000000 2.050987
$MCA_CAL:
3
0.000000E+000 2.050987E+000 0.000000E+000 keV
$SHAPE_CAL:
3
7.710171E+000 0.000000E+000 0.000000E+000
