$SPEC_ID:
No sample description was entered.
$SPEC_REM:
DET# 1
DETDESC# SPACESCIENCE4 digiBASE-RH SN 15121435
AP# Maestro Version 7.01
$DATE_MEA:
09/30/2024 16:29:30
$MEAS_TIM:
200 201
$DATA:
0 1023
       0
       0
       0
       0
       0
     275
    1033
    1295
    1870
    2904
    4564
    6090
    7881
    9091
    9321
    8489
    7049
    5569
    4350
    3768
    3802
    4474
    5775
    7286
    8827
    9980
   11135
   11639
   11448
   10438
    9203
    7639
    5841
    4230
    3004
    2036
    1253
     792
     506
     337
     264
     257
     222
     197
     166
     174
     190
     190
     180
     164
     160
     148
     180
     143
     154
     149
     154
     152
     135
     176
     115
     150
     126
     117
     119
     142
     129
      95
      92
     119
     112
      89
     102
      87
      97
      92
      96
      96
      86
      91
      97
      83
      79
      78
      85
      69
      82
      88
      71
      66
      64
      56
      79
      74
      90
      69
      66
      58
      57
      49
      68
      54
      49
      57
      64
      48
      57
      46
      45
      43
      28
      46
      46
      52
      39
      33
      42
      42
      56
      35
      34
      47
      43
      28
      40
      44
      30
      27
      44
      28
      33
      32
      57
      25
      36
      17
      28
      29
      23
      30
      25
      32
      23
      27
      27
      34
      17
      28
      28
      19
      18
      24
      26
      22
      19
      27
      20
      14
      13
      20
      25
      20
      10
      21
      25
      19
      20
      23
      18
      12
      11
      16
      21
      14
      18
      15
      20
      22
      12
      11
      19
      20
      12
       1
      15
      13
      15
      10
      13
      17
      21
       6
       7
      13
       8
      17
      17
       8
       9
       7
      10
       5
      11
      11
      14
      13
      19
       8
       4
       9
       9
      14
      12
       9
       7
       8
      17
       9
      10
       8
      13
      13
       7
       8
       3
       5
       8
      10
       7
       6
       9
      10
       6
      11
       6
       8
      10
       3
       8
       6
       3
       9
       7
       8
      11
       7
       7
       9
       5
       7
       7
       9
       6
       7
       8
      10
       9
       8
       5
       6
       8
       3
       7
       7
       9
       7
       6
       6
       6
       6
       9
       5
       7
       4
       5
       6
       5
      11
       1
       2
       4
       5
      11
       4
       0
       7
       6
       4
       6
       3
       4
       4
       6
       2
       4
       4
       5
       9
       3
       5
       3
       4
       5
       3
       4
       6
       8
       5
       4
       6
       6
       2
       5
       6
       3
       5
       4
       2
       4
       4
       7
       4
       7
       3
       2
       3
       5
       4
       6
       3
       8
       3
       1
       2
       4
       6
       8
       5
       1
       2
       4
       2
       2
       2
       5
       4
       7
       1
       5
       9
       4
       3
       5
       5
       5
       8
       4
       4
       5
       3
       1
       5
       6
       3
       2
       4
       3
       3
       4
       6
       1
       2
       4
       4
       4
       1
       1
       3
       3
       2
       3
       2
       2
       6
       5
       3
       3
       2
       3
       3
       4
       5
       5
       1
       3
       1
       1
       1
       2
       1
       0
       1
       3
       1
       2
       6
       3
       3
       2
       1
       0
       1
       2
       1
       6
       4
       1
       3
       4
       5
       3
       4
       2
       2
       3
       4
       6
       3
       3
       2
       3
       3
       4
       3
       1
       3
       2
       2
       3
       2
       4
       3
       7
       2
       1
       3
       1
       0
       6
       1
       5
       2
       0
       1
       1
       1
       3
       3
       3
       3
       3
       5
       3
       1
       3
       1
       2
       2
       2
       3
       3
       3
       3
       1
       4
       2
       5
       2
       3
       3
       0
       1
       3
       0
       3
       1
       2
       2
       1
       5
       1
       3
       2
       0
       2
       1
       1
       5
       2
       1
       1
       0
       4
       2
       1
       0
       0
       1
       1
       2
       4
       2
       1
       3
       1
       4
       3
       2
       2
       2
       2
       3
       0
       3
       2
       4
       1
       1
       0
       2
       0
       6
       2
       2
       3
       1
       1
       2
       0
       0
       2
       2
       0
       1
       1
       2
       1
       1
       3
       2
       1
       0
       2
       3
       0
       2
       0
       1
       2
       0
       0
       2
       0
       0
       3
       0
       0
       0
       0
       3
       2
       3
       3
       2
       2
       2
       3
       1
       0
       2
       1
       1
       1
       1
       1
       2
       1
       1
       0
       4
       2
       1
       3
       2
       2
       2
       2
       1
       1
       2
       6
       5
       2
       2
       2
       2
       2
       0
       2
       0
       1
       0
       3
       1
       1
       1
       0
       0
       3
       0
       0
       1
       3
       0
       0
       1
       1
       1
       2
       2
       1
       1
       0
       1
       3
       0
       0
       1
       2
       2
       4
       1
       2
       0
       1
       1
       0
       2
       0
       1
       0
       2
       3
       1
       3
       1
       2
       0
       1
       1
       3
       2
       2
       1
       1
       1
       0
       0
       0
       2
       2
       0
       2
       1
       2
       1
       2
       2
       1
       2
       0
       1
       1
       1
       1
       0
       1
       2
       1
       1
       1
       0
       1
       0
       1
       1
       1
       1
       1
       1
       0
       1
       1
       1
       1
       0
       0
       1
       0
       0
       1
       2
       0
       0
       0
       1
       2
       1
       0
       2
       1
       0
       0
       0
       1
       0
       0
       1
       1
       0
       1
       1
       1
       1
       2
       2
       1
       0
       0
       0
       0
       0
       0
       0
       0
       1
       0
       0
       0
       0
       1
       0
       1
       1
       1
       0
       0
       1
       0
       1
       0
       0
       0
       1
       2
       2
       0
       0
       0
       0
       0
       0
       1
       0
       0
       0
       1
       1
       0
       0
       0
       0
       0
       0
       0
       0
       1
       0
       0
       0
       0
       0
       0
       0
       0
       0
       1
       0
       0
       1
       0
       0
       0
       0
       2
       1
       0
       0
       0
       1
       1
       0
       0
       0
       0
       0
       0
       1
       0
       0
       1
       0
       0
       0
       0
       0
       0
       1
       1
       0
       0
       0
       0
       1
       0
       0
       0
       0
       2
       0
       1
       0
       0
       0
       0
       0
       1
       0
       0
       0
       0
       0
       1
       0
       1
       0
       0
       0
       1
       0
       0
       0
       1
       0
       0
       1
       0
       0
       0
       0
       0
       0
       1
       0
       1
       0
       0
       0
       0
       0
       0
       0
       0
       1
       0
       0
       0
       0
       0
       0
       1
       0
       0
       0
       0
       0
       0
       0
       1
       1
       0
       0
       0
       0
       0
       0
       0
       0
       1
       0
       0
       0
       0
       0
       0
       0
       0
       0
       0
       0
       1
       1
       1
       0
       1
       0
       0
       1
       0
       0
       0
       0
       1
       1
       0
       1
       0
       0
       0
       0
       0
       0
       0
       1
       0
       0
       0
       0
       0
       0
       0
       0
       0
       0
       0
       0
       0
       0
       0
       0
       0
       0
       1
       0
       0
       0
       0
       0
       0
       0
       0
       0
       0
       1
       0
       0
       0
       0
       0
       0
       0
       0
       0
       1
       0
       1
       0
       0
       0
       0
       0
       0
       0
       1
       0
       0
       0
       0
       0
       0
       0
       0
       0
       0
       0
       0
       0
       0
       1
       1
       0
       0
       0
       0
       0
       0
       0
       1
       0
       0
       0
       0
       1
       0
$ROI:
2
21 38
253 337
$PRESETS:
None
0
0
$ENER_FIT:
0.000000 2.050987
$MCA_CAL:
3
0.000000E+000 2.050987E+000 0.000000E+000 keV
$SHAPE_CAL:
3
7.710171E+000 0.000000E+000 0.000000E+000
