$SPEC_ID:
No sample description was entered.
$SPEC_REM:
DET# 1
DETDESC# SPACESCIENCE4 digiBASE-RH SN 15121435
AP# Maestro Version 7.01
$DATE_MEA:
09/30/2024 16:11:20
$MEAS_TIM:
200 201
$DATA:
0 1023
       0
       0
       0
       0
       0
     275
     957
    1146
    1675
    2275
    3260
    4478
    5462
    6422
    6713
    6630
    5432
    4264
    3299
    2737
    2508
    2721
    3514
    4511
    5938
    7525
    9025
   10659
   11496
   11632
   11057
    9651
    8135
    6426
    4678
    3263
    2156
    1335
     853
     552
     340
     258
     224
     182
     163
     153
     182
     164
     169
     167
     163
     148
     150
     156
     151
     152
     160
     154
     133
     154
     139
     125
     140
     131
     106
     128
     126
     116
      94
     107
     101
      94
     114
      79
      96
      89
      90
     116
      84
      78
      99
      93
      85
      62
      75
      77
      88
      84
      81
      72
      58
      76
      52
      66
      74
      62
      71
      60
      62
      58
      56
      53
      55
      58
      43
      57
      54
      48
      49
      51
      39
      54
      47
      49
      45
      40
      45
      34
      48
      37
      33
      46
      48
      44
      31
      33
      44
      31
      28
      35
      33
      29
      23
      24
      38
      32
      32
      27
      30
      24
      31
      28
      16
      19
      35
      27
      17
      27
      24
      23
      33
      27
      15
      20
      21
      22
      14
      24
      25
      16
      23
      27
      15
      16
      18
      25
      20
      18
      23
      26
      22
      21
      13
      17
       5
      22
      18
      13
      12
      14
       9
       9
      22
      13
       8
      15
      10
      11
      11
       9
      16
      17
       8
       8
       6
       8
       9
      13
      10
       9
       8
      12
       9
      16
      15
      15
      13
      10
       8
       7
      10
       9
       9
       9
       9
       7
      10
      13
      12
      15
      10
       9
       8
      11
      10
       8
      13
      10
       8
       3
       8
       4
       7
       2
       8
      12
       8
       4
       8
       4
       7
       7
       2
       4
      16
       6
       6
       8
       5
       2
       7
       4
      10
       6
       6
       8
       5
       6
       7
       9
       8
       8
      10
       9
       6
       8
      13
       5
       9
       8
       5
      11
      15
       6
       4
      11
       4
      10
       4
       9
       4
      10
       6
       5
       3
       4
       6
       4
       2
       7
       5
       7
       3
       3
       4
       2
       5
       6
       5
       5
       6
       6
       7
       2
       5
       4
       7
       3
       3
       3
       4
       6
       4
       6
       1
       6
       4
       4
       4
       6
       2
       5
       2
       4
       2
       3
       8
       5
       4
       2
       4
       0
       4
       4
       7
       2
       1
       6
       4
       2
       4
       1
       6
       2
       6
       2
       4
       5
       1
       3
       3
       5
       4
       7
       3
       4
       6
       4
       5
       6
       1
       3
       2
       1
       3
       2
       7
       1
       5
       2
       2
       3
       1
       2
       2
       3
       1
       3
       4
       3
       6
       0
       2
       1
       3
       2
       3
       1
       3
       8
       2
       5
       3
       1
       2
       1
       1
       0
       2
       3
       1
       5
       1
       1
       3
       5
       2
       1
       2
       1
       2
       2
       4
       1
       4
       3
       2
       4
       2
       3
       2
       5
       2
       4
       1
       1
       3
       4
       4
       1
       4
       3
       2
       3
       4
       2
       2
       2
       2
       2
       2
       4
       4
       3
       4
       2
       1
       1
       2
       1
       3
       1
       3
       7
       2
       3
       4
       1
       2
       1
       1
       3
       1
       3
       2
       3
       1
       0
       1
       2
       3
       2
       2
       4
       1
       2
       2
       4
       4
       4
       1
       2
       3
       2
       5
       0
       1
       2
       6
       4
       2
       2
       2
       2
       3
       3
       3
       2
       1
       2
       1
       3
       4
       5
       5
       2
       2
       3
       3
       0
       1
       3
       1
       1
       3
       0
       3
       1
       0
       2
       0
       2
       3
       6
       3
       4
       1
       0
       0
       0
       0
       2
       2
       1
       2
       2
       1
       1
       2
       1
       3
       0
       1
       0
       1
       2
       1
       2
       2
       1
       3
       0
       0
       4
       2
       1
       1
       2
       4
       0
       1
       0
       2
       1
       0
       2
       1
       1
       2
       3
       1
       2
       2
       0
       1
       3
       0
       1
       5
       1
       3
       0
       0
       0
       2
       1
       3
       2
       1
       0
       2
       6
       1
       2
       2
       2
       2
       2
       0
       2
       0
       3
       2
       0
       5
       5
       2
       1
       5
       3
       1
       3
       2
       1
       2
       3
       3
       2
       0
       1
       3
       2
       0
       2
       1
       2
       5
       0
       2
       1
       3
       0
       3
       1
       2
       1
       1
       1
       0
       2
       1
       0
       1
       2
       1
       3
       1
       0
       3
       0
       1
       0
       1
       1
       3
       0
       1
       0
       0
       2
       1
       1
       1
       3
       1
       0
       0
       0
       0
       1
       1
       0
       0
       1
       0
       0
       1
       2
       1
       3
       1
       0
       1
       1
       2
       0
       1
       1
       1
       0
       1
       1
       0
       1
       1
       0
       0
       0
       1
       1
       0
       0
       0
       2
       2
       0
       0
       1
       0
       1
       1
       1
       0
       1
       0
       0
       2
       1
       2
       1
       0
       2
       0
       1
       1
       0
       1
       2
       0
       1
       0
       0
       1
       0
       1
       1
       0
       0
       1
       2
       1
       0
       0
       0
       0
       0
       0
       0
       0
       0
       0
       1
       1
       0
       0
       0
       1
       3
       1
       1
       0
       1
       0
       0
       1
       0
       1
       1
       0
       0
       0
       0
       1
       0
       1
       0
       2
       0
       0
       0
       0
       1
       0
       0
       1
       0
       0
       0
       0
       1
       0
       0
       0
       0
       0
       0
       0
       0
       0
       0
       0
       0
       1
       0
       0
       1
       0
       0
       0
       0
       0
       0
       0
       1
       0
       0
       1
       1
       0
       0
       1
       3
       0
       1
       0
       1
       0
       0
       0
       2
       0
       0
       2
       1
       0
       0
       0
       0
       0
       0
       0
       0
       2
       0
       0
       0
       1
       1
       0
       1
       1
       0
       0
       0
       0
       0
       1
       0
       0
       0
       0
       0
       0
       0
       1
       0
       1
       0
       0
       0
       0
       1
       0
       1
       1
       0
       0
       0
       0
       0
       2
       0
       1
       0
       0
       1
       0
       1
       1
       0
       0
       0
       1
       0
       0
       0
       0
       0
       0
       0
       0
       0
       0
       0
       0
       0
       0
       0
       0
       1
       0
       1
       0
       2
       0
       0
       0
       0
       0
       0
       1
       0
       0
       0
       0
       0
       0
       0
       0
       0
       0
       0
       1
       0
       0
       0
       0
       0
       1
       0
       0
       0
       0
       0
       0
       1
       1
       1
       1
       0
       0
       0
       1
       0
       0
       0
       0
       0
       0
       1
       0
       0
       0
       0
       0
       0
       0
       0
       0
       0
       0
       1
       0
       0
       0
       0
       0
       0
       0
       0
       0
       0
       0
       0
       0
       0
       1
       0
       1
       0
       0
       0
       0
       1
       0
       0
       0
       0
       0
       0
       0
       0
       0
       1
       0
       0
       0
       0
       0
       0
       0
       0
       0
       0
       0
       0
       0
       0
       0
       0
       0
       0
       0
       0
$ROI:
2
21 38
253 337
$PRESETS:
None
0
0
$ENER_FIT:
0.000000 2.050987
$MCA_CAL:
3
0.000000E+000 2.050987E+000 0.000000E+000 keV
$SHAPE_CAL:
3
7.710171E+000 0.000000E+000 0.000000E+000
