$SPEC_ID:
No sample description was entered.
$SPEC_REM:
DET# 1
DETDESC# SPACESCIENCE4 digiBASE-RH SN 15121435
AP# Maestro Version 7.01
$DATE_MEA:
09/30/2024 15:24:28
$MEAS_TIM:
600 600
$DATA:
0 1023
       0
       0
       0
       0
       0
     203
     543
     340
     213
     165
     168
     217
     236
     260
     267
     261
     213
     217
     175
     158
     160
     155
     159
     159
     181
     236
     235
     290
     255
     291
     284
     322
     344
     390
     377
     403
     392
     430
     394
     416
     443
     458
     426
     459
     440
     438
     439
     476
     411
     438
     430
     429
     430
     397
     422
     400
     410
     406
     420
     395
     377
     389
     401
     338
     369
     345
     304
     327
     317
     332
     278
     292
     287
     274
     259
     264
     285
     271
     262
     251
     252
     254
     255
     221
     221
     202
     205
     201
     189
     196
     188
     194
     191
     182
     186
     206
     172
     171
     183
     160
     162
     157
     149
     151
     132
     162
     160
     164
     139
     132
     140
     140
     133
     136
     121
     102
     138
     130
      99
     105
     124
      99
     105
     101
     104
      92
     105
     103
      79
     126
      96
      99
      87
      88
      77
     108
      92
      96
      81
      89
      84
      86
      73
      79
      73
      75
      78
      68
      73
      60
      62
      58
      54
      49
      75
      64
      40
      51
      62
      79
      55
      59
      49
      60
      46
      41
      66
      48
      57
      44
      49
      52
      54
      43
      44
      45
      44
      59
      36
      52
      33
      54
      54
      30
      38
      34
      32
      32
      22
      28
      28
      30
      42
      26
      33
      40
      37
      33
      26
      26
      25
      35
      32
      36
      29
      21
      35
      26
      19
      25
      25
      24
      24
      35
      19
      30
      21
      28
      34
      24
      25
      34
      25
      19
      28
      20
      33
      28
      26
      27
      27
      28
      29
      24
      21
      17
      26
      27
      20
      30
      17
      20
      29
      19
      25
      21
      16
      27
      26
      20
      25
      20
      26
      27
      20
      19
      22
      20
      24
      17
      21
      23
      21
      14
      19
      17
      20
      26
      24
      29
      19
      26
      23
      15
      15
      22
      19
      10
      18
      20
      21
      16
      14
      15
      17
      12
      10
      13
      18
      14
      15
      19
      20
      15
      22
      16
      18
      15
      20
      18
      12
      17
      15
      22
      10
       9
      12
      15
      10
       9
      11
       7
       8
      12
      10
      10
      11
      19
      18
       7
      10
      18
      21
       6
      14
       9
      10
       6
      16
       7
      10
      10
      10
      11
      14
      15
      10
      16
      17
       9
       5
      11
       7
      12
      10
      13
      10
      14
      10
       7
       5
       9
       7
      12
       7
      11
       8
      12
      11
       8
      10
      15
      12
      10
       7
       9
       6
      11
      13
      12
      10
       9
      13
      10
       7
      13
       7
       9
       5
       8
       9
       6
       8
       8
      10
      11
       5
      14
       4
       4
      12
      10
      13
       6
      10
       9
       6
       8
       8
      12
      11
       9
      14
      14
      11
      10
       5
       7
       8
      12
      12
       8
      11
       6
       3
       6
       9
      10
       6
      10
       7
       8
       3
      10
       7
       7
      11
      11
       6
       6
      11
       4
      11
       9
       9
      11
       9
       9
      14
       7
       6
       5
       7
       5
      12
       6
      10
       4
       3
       9
       7
       6
       6
      11
       7
       9
       6
       3
      12
       9
       8
       3
       9
       8
      11
       5
       8
      10
       6
       8
       4
       3
       9
       4
      11
       7
       4
       3
       9
       7
       2
       7
       3
      10
       6
       8
      12
       9
       5
      14
      15
       6
       7
       1
       6
       4
       7
       4
       7
       8
       7
       6
       6
       6
       4
       5
       6
       7
       2
       6
       4
      10
       8
       5
       4
       9
       5
       6
       8
       2
       7
       3
       4
       6
       4
       5
       6
       9
       5
       5
       4
       3
       4
       3
       3
       5
       1
       4
       5
       4
       4
       4
       4
       3
       6
       3
       6
       5
       5
       7
       7
       3
       6
       3
       8
       5
       6
       4
       7
       5
       3
       3
       4
       7
       2
       4
       2
       6
       4
       8
      10
       1
       5
       8
       1
       4
       6
       7
       1
       3
       4
       5
       7
       6
       3
       8
       5
       5
       9
       5
       3
       7
       6
       6
      10
       4
       1
       4
       2
       3
       6
       5
       2
       4
       8
       9
       6
       7
       3
       3
       3
       5
       7
       3
       6
       0
       7
       5
       4
       5
       9
       3
       3
      10
       8
       3
       5
       5
       5
       4
       4
       6
       3
       5
       6
       5
       3
       2
       5
       5
       3
       5
       4
       2
       5
       2
       2
       3
       3
       3
       4
       5
       4
       4
       4
       3
       2
       8
       2
       2
       3
       2
       1
       6
       1
       2
       3
       4
       2
       1
       1
       2
       6
       0
       1
       3
       2
       5
       0
       2
       2
       1
       1
       0
       2
       2
       0
       1
       4
       1
       4
       2
       2
       3
       2
       1
       5
       4
       2
       3
       3
       3
       2
       1
       3
       3
       4
       2
       2
       1
       3
       3
       2
       1
       2
       1
       1
       1
       1
       1
       1
       2
       4
       2
       1
       5
       2
       2
       3
       2
       2
       2
       1
       1
       3
       5
       4
       0
       3
       0
       0
       0
       2
       1
       1
       2
       3
       4
       0
       3
       1
       3
       1
       3
       3
       1
       1
       1
       0
       0
       1
       3
       1
       0
       2
       0
       2
       2
       0
       1
       1
       2
       0
       0
       1
       0
       1
       0
       3
       0
       1
       0
       0
       0
       1
       0
       0
       0
       2
       0
       3
       0
       0
       0
       3
       1
       0
       0
       0
       1
       1
       0
       1
       2
       1
       0
       2
       1
       1
       3
       0
       1
       0
       2
       0
       0
       1
       2
       2
       2
       0
       0
       1
       1
       1
       1
       0
       1
       0
       1
       1
       0
       0
       2
       0
       0
       0
       0
       1
       2
       0
       1
       0
       0
       0
       2
       1
       2
       0
       1
       1
       0
       0
       0
       0
       1
       1
       1
       1
       0
       0
       1
       2
       1
       2
       2
       1
       1
       1
       0
       0
       0
       0
       0
       4
       1
       0
       0
       0
       1
       0
       2
       1
       1
       0
       2
       1
       1
       0
       1
       0
       0
       0
       1
       1
       0
       1
       3
       0
       1
       1
       1
       2
       0
       0
       2
       1
       0
       2
       2
       1
       0
       0
       0
       0
       2
       1
       1
       1
       1
       0
       1
       1
       0
       0
       2
       1
       1
       1
       1
       2
       1
       1
       0
       2
       0
       0
       2
       1
       1
       1
       0
       0
       0
       1
       2
       0
       0
       0
       0
       0
       1
       0
       1
       0
       4
       0
       0
       1
       0
       0
       1
       0
       1
       1
       0
       0
       1
       2
       0
       1
       0
       1
       0
       1
       1
       0
       2
       1
       0
       1
       0
       1
       0
       0
       0
       0
       1
       0
       0
       1
       0
       1
       0
       1
       1
       0
       0
       0
       1
       0
       0
       2
       0
       0
       1
       1
       1
       0
       1
       0
       0
       0
       3
       0
       0
       1
       0
       0
       0
       0
       1
       0
       0
$ROI:
0
$PRESETS:
None
0
0
$ENER_FIT:
0.000000 0.000000
$MCA_CAL:
3
0.000000E+000 0.000000E+000 0.000000E+000 
$SHAPE_CAL:
3
0.000000E+000 0.000000E+000 0.000000E+000
